2 0.600260 0.204630 0.009896 0.044444
3 0.299479 0.191204 0.011458 0.037963
2 0.474479 0.225463 0.012500 0.037963
3 0.433263 0.412917 0.011318 0.062870
2 0.405208 0.265278 0.010417 0.047222
2 0.556771 0.258333 0.014583 0.046296
2 0.282292 0.300000 0.011458 0.055556
2 0.637240 0.274537 0.010937 0.049074
2 0.337760 0.262037 0.014063 0.051852
2 0.673438 0.264815 0.014583 0.055556
2 0.240104 0.285185 0.014583 0.051852
2 0.545312 0.265278 0.010417 0.049074
2 0.294792 0.329167 0.012500 0.054630
2 0.667448 0.318981 0.013021 0.050926
2 0.417969 0.313889 0.010937 0.055556
2 0.245573 0.356944 0.015104 0.056481
2 0.180990 0.525000 0.017188 0.070370
2 0.828385 0.287037 0.015104 0.053704
2 0.251823 0.435185 0.013021 0.066667
2 0.729167 0.504630 0.016667 0.068519
2 0.184635 0.714352 0.023438 0.091667
2 0.435862 0.391583 0.009224 0.044278
