2 0.533073 0.219907 0.013021 0.030556
3 0.225437 0.210319 0.009208 0.048417
2 0.674740 0.234259 0.019271 0.051852
2 0.660156 0.231019 0.015104 0.047222
2 0.484896 0.268056 0.012500 0.054630
3 0.546875 0.305093 0.017708 0.058333
2 0.243490 0.270833 0.014063 0.058333
2 0.573698 0.307407 0.015104 0.055556
2 0.356250 0.619444 0.017708 0.090741
2 0.378646 0.302315 0.013542 0.062037
2 0.195312 0.381481 0.016667 0.068519
2 0.344792 0.368056 0.013542 0.067593
2 0.441927 0.389815 0.016146 0.066667
2 0.776042 0.361111 0.016667 0.068519
2 0.372396 0.487500 0.013542 0.075000
2 0.792188 0.327778 0.013542 0.068519
2 0.619271 0.405093 0.019792 0.069444
2 0.820312 0.426389 0.018750 0.071296
2 0.872396 0.682870 0.020833 0.089815
2 0.557552 0.649074 0.023438 0.083333
2 0.890104 0.582407 0.017708 0.081481
0 0.487206 0.228329 0.004620 0.010361
2 0.486552 0.210681 0.013729 0.047287
