3 0.535156 0.213426 0.010937 0.039815
2 0.438484 0.337528 0.010302 0.052833
1 0.154167 0.346759 0.013542 0.062037
2 0.519271 0.295370 0.018750 0.044444
2 0.259375 0.437963 0.018750 0.072222
2 0.433984 0.367005 0.021094 0.050676
2 0.383854 0.366204 0.010417 0.054630
2 0.409635 0.342130 0.014063 0.058333
2 0.314583 0.432870 0.016667 0.067593
2 0.493750 0.301389 0.016667 0.045370
2 0.605469 0.312500 0.017188 0.054630
2 0.334635 0.398611 0.014063 0.063889
2 0.295312 0.425463 0.015625 0.058333
3 0.575000 0.434722 0.013542 0.067593
2 0.553646 0.316667 0.018750 0.051852
2 0.903385 0.408333 0.009896 0.062963
2 0.613802 0.392130 0.023438 0.058333
2 0.832552 0.402778 0.018229 0.066667
2 0.850781 0.469907 0.016146 0.069444
2 0.428125 0.452315 0.016667 0.062037
2 0.902083 0.520370 0.017708 0.077778
2 0.315086 0.418245 0.022880 0.060565
0 0.604089 0.401778 0.006094 0.012815
