0 0.648177 0.279630 0.005729 0.011111
2 0.460156 0.199074 0.007812 0.038889
3 0.218490 0.194907 0.008854 0.041667
2 0.301302 0.239815 0.009896 0.044444
2 0.395833 0.288426 0.012500 0.049074
2 0.358594 0.344907 0.011979 0.060185
2 0.694271 0.290278 0.009375 0.054630
2 0.635156 0.226389 0.017188 0.045370
2 0.440885 0.274074 0.011979 0.053704
2 0.246094 0.291204 0.015104 0.058333
2 0.192188 0.355556 0.014583 0.061111
2 0.620052 0.299537 0.014063 0.054630
3 0.464583 0.417593 0.012500 0.066667
2 0.241406 0.763426 0.030729 0.100926
2 0.376302 0.437963 0.015104 0.068519
2 0.183333 0.335185 0.012500 0.055556
2 0.606250 0.362500 0.013542 0.060185
2 0.162500 0.447222 0.021875 0.072222
2 0.574740 0.317593 0.011979 0.053704
2 0.421094 0.441667 0.018229 0.066667
2 0.178385 0.466204 0.017188 0.075000
2 0.837240 0.556481 0.025521 0.079630
2 0.154167 0.565278 0.025000 0.076852
