0 0.199479 0.436574 0.006250 0.010185
2 0.668857 0.277778 0.010630 0.038889
2 0.692708 0.301852 0.009375 0.037037
2 0.626302 0.310185 0.008854 0.040741
2 0.704427 0.309259 0.008854 0.040741
3 0.501042 0.363889 0.009375 0.048148
2 0.493750 0.385185 0.008333 0.050000
3 0.348177 0.249537 0.006771 0.034259
2 0.736458 0.362037 0.011458 0.050000
2 0.805469 0.431481 0.014063 0.051852
1 0.130208 0.371296 0.013542 0.044444
2 0.648958 0.378241 0.011458 0.050926
2 0.388542 0.292130 0.009375 0.039815
2 0.697396 0.473611 0.011458 0.054630
2 0.726042 0.368519 0.012500 0.050000
2 0.775781 0.409259 0.010937 0.057407
2 0.811458 0.711574 0.018750 0.076852
2 0.520052 0.480556 0.015104 0.057407
2 0.421615 0.347685 0.014063 0.047222
2 0.213542 0.430093 0.016667 0.054630
2 0.757812 0.500000 0.017708 0.064815
2 0.832031 0.627315 0.013021 0.069444
3 0.918310 0.809329 0.031411 0.094583
2 0.472174 0.631046 0.017266 0.078759
2 0.371354 0.373611 0.011458 0.049074
