3 0.295052 0.274537 0.008854 0.028704
0 0.469792 0.670370 0.006250 0.011111
2 0.433914 0.627731 0.028245 0.055463
2 0.162240 0.655093 0.022396 0.071296
2 0.609375 0.383333 0.009375 0.048148
2 0.490104 0.388889 0.010417 0.048148
2 0.299219 0.618519 0.013021 0.068519
2 0.373437 0.676852 0.015625 0.061111
2 0.652865 0.377315 0.014063 0.047222
2 0.248177 0.492130 0.010937 0.056481
3 0.326823 0.475926 0.013021 0.057407
2 0.358073 0.667130 0.021354 0.075000
2 0.316927 0.376389 0.015104 0.047222
3 0.969531 0.741204 0.022396 0.078704
2 0.642708 0.538426 0.016667 0.056481
2 0.207031 0.607407 0.018229 0.070370
2 0.318229 0.631019 0.022917 0.065741
2 0.288021 0.659259 0.015625 0.062963
2 0.536198 0.481481 0.013021 0.053704
2 0.718750 0.416667 0.014583 0.053704
2 0.884896 0.600463 0.014583 0.073148
2 0.379688 0.523148 0.014583 0.062963
2 0.541667 0.625000 0.016667 0.062963
2 0.449070 0.291088 0.009599 0.041435
