3 0.304688 0.194907 0.010417 0.034259
2 0.569792 0.232870 0.010417 0.041667
2 0.358073 0.251852 0.010937 0.044444
2 0.373958 0.311574 0.010417 0.052778
0 0.665365 0.636574 0.007812 0.013889
2 0.638281 0.280556 0.016146 0.051852
2 0.690885 0.620833 0.023438 0.082407
2 0.373177 0.396759 0.013021 0.049074
2 0.577865 0.317130 0.011979 0.054630
2 0.454948 0.295833 0.011979 0.052778
2 0.302604 0.543519 0.018750 0.075926
2 0.274219 0.309722 0.011979 0.058333
2 0.404167 0.365741 0.013542 0.059259
2 0.253906 0.314352 0.013021 0.050926
3 0.373177 0.445833 0.014063 0.069444
2 0.655729 0.316204 0.012500 0.058333
2 0.227865 0.367130 0.013021 0.063889
2 0.622656 0.384722 0.013021 0.065741
2 0.257552 0.668519 0.026562 0.087037
2 0.589323 0.571296 0.023438 0.072222
2 0.829948 0.332407 0.014063 0.055556
2 0.434896 0.801389 0.036458 0.099074
2 0.247656 0.479630 0.014063 0.070370
