3 0.167031 0.250509 0.013229 0.041759
0 0.771094 0.556944 0.006771 0.010185
2 0.735375 0.324509 0.011375 0.049019
2 0.795573 0.362037 0.014063 0.051852
2 0.533797 0.368981 0.018635 0.050926
2 0.509557 0.254157 0.012865 0.036093
2 0.827604 0.404167 0.021875 0.063889
2 0.555990 0.304167 0.010937 0.045370
2 0.208073 0.381481 0.011979 0.053704
2 0.568797 0.727778 0.029260 0.074074
2 0.325521 0.367593 0.013542 0.051852
3 0.790773 0.406417 0.021130 0.055426
1 0.894531 0.381944 0.016146 0.056481
2 0.406510 0.302315 0.014063 0.045370
2 0.737503 0.441593 0.016672 0.051704
2 0.797435 0.532407 0.019870 0.064815
2 0.672656 0.403241 0.013021 0.050926
2 0.178906 0.528241 0.016146 0.065741
2 0.208594 0.554167 0.024479 0.071296
2 0.420833 0.643519 0.020833 0.070370
2 0.250781 0.603704 0.022396 0.075926
2 0.539062 0.494444 0.025000 0.062963
2 0.445312 0.482870 0.011458 0.067593
2 0.734797 0.345375 0.015427 0.048157
