2 0.475521 0.242593 0.011458 0.040741
2 0.482292 0.260185 0.008333 0.040741
2 0.595052 0.305556 0.008854 0.040741
3 0.192708 0.227315 0.009375 0.037963
3 0.558333 0.335185 0.010417 0.053704
2 0.645312 0.272685 0.012500 0.049074
2 0.389323 0.337963 0.009896 0.057407
2 0.793490 0.432407 0.018229 0.068519
2 0.427865 0.294907 0.010937 0.052778
2 0.597917 0.342130 0.011458 0.052778
2 0.409375 0.341204 0.009375 0.054630
2 0.629167 0.272222 0.011458 0.048148
2 0.746615 0.384259 0.010937 0.057407
2 0.077865 0.389352 0.009896 0.062037
2 0.213542 0.285185 0.014583 0.048148
2 0.788281 0.556481 0.019271 0.072222
2 0.764844 0.443056 0.017188 0.056481
2 0.709635 0.347222 0.018229 0.061111
2 0.535677 0.424074 0.021354 0.061111
2 0.689063 0.706019 0.020833 0.084259
2 0.234896 0.375463 0.015625 0.058333
2 0.212760 0.560185 0.018229 0.079630
0 0.219927 0.307028 0.005479 0.012204
