2 0.583854 0.237963 0.012500 0.042593
0 0.309635 0.343519 0.005729 0.011111
3 0.237760 0.215278 0.013021 0.043519
3 0.505469 0.303704 0.013021 0.053704
2 0.636458 0.412037 0.012500 0.061111
2 0.609635 0.316204 0.014063 0.056481
2 0.558073 0.317593 0.010937 0.055556
2 0.336458 0.395370 0.013542 0.061111
2 0.613802 0.391204 0.014063 0.049074
2 0.799479 0.376389 0.015625 0.065741
2 0.291406 0.278704 0.011979 0.048148
2 0.521615 0.379630 0.009896 0.059259
2 0.703906 0.275000 0.011979 0.048148
2 0.655990 0.384722 0.013021 0.060185
2 0.761458 0.325463 0.012500 0.058333
2 0.126562 0.396759 0.012500 0.063889
2 0.434635 0.416204 0.018229 0.063889
2 0.212500 0.590741 0.018750 0.085185
2 0.827083 0.458333 0.014583 0.075926
2 0.414323 0.375000 0.020313 0.061111
2 0.603906 0.486574 0.017188 0.071296
2 0.882812 0.634722 0.021875 0.080556
2 0.572656 0.706944 0.019271 0.087963
