3 0.201042 0.201852 0.013542 0.044444
2 0.497656 0.217593 0.009896 0.042593
2 0.451562 0.202778 0.011458 0.051852
2 0.596615 0.196759 0.013021 0.049074
2 0.425781 0.266667 0.010937 0.051852
3 0.564844 0.295833 0.015104 0.058333
2 0.554688 0.294907 0.012500 0.058333
2 0.625781 0.227778 0.015104 0.050000
2 0.410156 0.332870 0.019271 0.065741
2 0.237760 0.242130 0.016146 0.052778
2 0.781771 0.369907 0.013542 0.069444
2 0.345573 0.285648 0.013021 0.058333
2 0.819792 0.400926 0.019792 0.072222
2 0.193750 0.358333 0.011458 0.066667
2 0.459635 0.328241 0.015104 0.065741
2 0.577865 0.366204 0.013021 0.063889
2 0.758854 0.328241 0.014583 0.065741
2 0.349479 0.442130 0.016667 0.073148
2 0.903125 0.556019 0.019792 0.078704
2 0.604167 0.549074 0.018750 0.101852
2 0.381771 0.568056 0.027083 0.084259
2 0.923177 0.630093 0.021354 0.086111
0 0.343315 0.311722 0.005380 0.012333
