0 0.545573 0.629167 0.008854 0.015741
3 0.360417 0.189352 0.009375 0.039815
2 0.664323 0.301852 0.017188 0.051852
2 0.574479 0.259722 0.010417 0.045370
2 0.355729 0.362500 0.017708 0.047222
2 0.638542 0.399074 0.013542 0.064815
2 0.333594 0.281019 0.013021 0.047222
2 0.535937 0.607407 0.023958 0.083333
2 0.640365 0.457870 0.015104 0.071296
2 0.305208 0.357870 0.013542 0.062037
2 0.429948 0.736111 0.024479 0.083333
2 0.438542 0.337963 0.015625 0.059259
2 0.394792 0.755556 0.025000 0.090741
2 0.454688 0.615278 0.019792 0.087963
2 0.682552 0.359722 0.013021 0.063889
2 0.285156 0.365741 0.015104 0.062963
2 0.891927 0.392593 0.015104 0.062963
3 0.374219 0.471296 0.016146 0.072222
2 0.508333 0.426852 0.016667 0.068519
2 0.410417 0.496759 0.021875 0.069444
2 0.845573 0.671759 0.023438 0.095370
2 0.256771 0.441204 0.027083 0.073148
2 0.633333 0.651389 0.020833 0.084259
