0 0.880729 0.459259 0.006250 0.011111
2 0.701357 0.328468 0.015214 0.047676
2 0.832297 0.414894 0.020844 0.052009
3 0.599766 0.357079 0.016198 0.054898
2 0.712734 0.347639 0.017135 0.052685
2 0.678646 0.319907 0.012500 0.050926
1 0.872135 0.361111 0.026562 0.050000
2 0.628646 0.358333 0.015625 0.051852
2 0.857552 0.445833 0.017188 0.054630
2 0.744271 0.336574 0.014583 0.054630
2 0.676302 0.403241 0.014063 0.054630
2 0.727865 0.394907 0.013021 0.058333
2 0.807813 0.366667 0.011458 0.059259
2 0.380208 0.288426 0.012500 0.049074
2 0.558073 0.395370 0.014063 0.059259
2 0.094010 0.419444 0.013021 0.062963
2 0.077083 0.353241 0.012500 0.056481
2 0.173437 0.305556 0.015625 0.050000
2 0.320312 0.481944 0.020833 0.071296
2 0.139583 0.333333 0.013542 0.051852
2 0.110417 0.409259 0.017708 0.062963
2 0.697937 0.313463 0.014625 0.043593
2 0.719555 0.331032 0.018276 0.045398
