3 0.406961 0.220116 0.011839 0.036528
2 0.758594 0.305556 0.008854 0.044444
2 0.585938 0.257407 0.011458 0.038889
3 0.621875 0.328241 0.011458 0.050926
2 0.617708 0.375463 0.015625 0.052778
2 0.747396 0.328704 0.010417 0.051852
2 0.426563 0.315741 0.012500 0.048148
2 0.766667 0.375463 0.011458 0.058333
2 0.584115 0.403241 0.011979 0.062037
2 0.795052 0.377778 0.013021 0.057407
2 0.660156 0.436574 0.011979 0.060185
2 0.825260 0.417593 0.010937 0.064815
2 0.492188 0.438426 0.014583 0.060185
2 0.886198 0.524074 0.015104 0.070370
2 0.438802 0.690741 0.016146 0.075926
2 0.344010 0.437963 0.013021 0.061111
2 0.509896 0.549537 0.014583 0.071296
1 0.067448 0.452778 0.009896 0.061111
2 0.896094 0.625926 0.016146 0.070370
2 0.432031 0.507407 0.017188 0.066667
2 0.581771 0.697685 0.023958 0.086111
2 0.659375 0.519444 0.015625 0.070370
2 0.778385 0.659259 0.020313 0.077778
