3 0.392188 0.243519 0.010417 0.031481
0 0.120573 0.505093 0.005729 0.010185
2 0.500781 0.389815 0.018229 0.044444
2 0.188281 0.420833 0.018229 0.054630
2 0.859896 0.455556 0.013542 0.059259
2 0.165885 0.470833 0.024479 0.052778
2 0.313542 0.407870 0.017708 0.049074
2 0.836719 0.632407 0.016146 0.074074
2 0.552865 0.318981 0.016146 0.036111
2 0.328906 0.348148 0.018229 0.038889
2 0.734115 0.410648 0.014063 0.054630
2 0.543490 0.442593 0.019271 0.053704
2 0.634896 0.354630 0.017708 0.046296
2 0.201042 0.471296 0.023958 0.057407
2 0.480729 0.449537 0.015625 0.050926
3 0.366667 0.486111 0.023958 0.055556
2 0.682292 0.462500 0.012500 0.056481
2 0.554948 0.515741 0.018229 0.057407
2 0.658333 0.605556 0.020833 0.062963
2 0.708854 0.491204 0.017708 0.060185
2 0.194271 0.551389 0.016667 0.065741
2 0.175000 0.568519 0.020833 0.064815
2 0.664323 0.533796 0.022396 0.056481
