3 0.330630 0.312667 0.006052 0.025333
2 0.442104 0.356426 0.011292 0.033222
3 0.493750 0.393519 0.008333 0.033333
2 0.629427 0.432870 0.008854 0.036111
1 0.911198 0.422222 0.011979 0.038889
2 0.632552 0.523611 0.008854 0.041667
2 0.651823 0.437037 0.009896 0.038889
2 0.634635 0.386574 0.009896 0.028704
2 0.513281 0.412500 0.008854 0.034259
2 0.665365 0.404630 0.008854 0.033333
2 0.611458 0.416204 0.008333 0.034259
2 0.537500 0.387500 0.007292 0.032407
2 0.497917 0.459259 0.012500 0.038889
2 0.686719 0.625463 0.013021 0.052778
2 0.845313 0.653704 0.012500 0.050000
2 0.621354 0.470833 0.008333 0.037963
2 0.436458 0.635648 0.011458 0.052778
2 0.414844 0.543056 0.013021 0.039815
2 0.711979 0.487963 0.012500 0.044444
1 0.153646 0.484259 0.008333 0.040741
2 0.254427 0.434259 0.008854 0.035185
3 0.833333 0.675926 0.014583 0.055556
2 0.779687 0.592593 0.011458 0.038889
2 0.437240 0.504167 0.010937 0.045370
2 0.631721 0.366852 0.009276 0.035556
0 0.343135 0.612750 0.007104 0.012537
