2 0.649836 0.300662 0.012172 0.042065
3 0.366255 0.260676 0.010635 0.036167
2 0.679167 0.281481 0.012500 0.035185
2 0.569792 0.294907 0.013542 0.034259
3 0.598526 0.349384 0.013719 0.045065
2 0.646615 0.336111 0.009896 0.040741
2 0.603128 0.296060 0.011464 0.042120
2 0.788021 0.378241 0.010417 0.047222
2 0.452604 0.343981 0.010417 0.041667
2 0.741406 0.345370 0.013021 0.046296
1 0.098164 0.362796 0.010911 0.047815
2 0.460417 0.326852 0.009375 0.038889
2 0.567753 0.431019 0.017797 0.052778
2 0.344792 0.298148 0.012500 0.042593
2 0.724479 0.352778 0.011458 0.050000
2 0.840104 0.394907 0.013542 0.045370
2 0.730208 0.426389 0.009375 0.047222
2 0.329948 0.320833 0.008854 0.041667
2 0.798359 0.648125 0.017552 0.070324
2 0.280729 0.402778 0.009375 0.050000
2 0.805208 0.459259 0.011458 0.059259
2 0.809635 0.569444 0.016146 0.061111
2 0.436458 0.547222 0.014583 0.064815
0 0.238523 0.343935 0.006214 0.010093
