3 0.333594 0.208796 0.009896 0.036111
2 0.561458 0.217130 0.015625 0.039815
3 0.589844 0.309722 0.009896 0.056481
2 0.691667 0.267593 0.009375 0.042593
2 0.672917 0.288426 0.009375 0.050926
2 0.527344 0.303704 0.009896 0.048148
2 0.462500 0.436111 0.017708 0.068519
2 0.394271 0.292130 0.016667 0.049074
2 0.589583 0.364352 0.011458 0.058333
2 0.759375 0.350463 0.014583 0.058333
2 0.483594 0.356019 0.011979 0.058333
2 0.454427 0.496296 0.015104 0.075926
2 0.435677 0.387963 0.013021 0.064815
2 0.727344 0.314352 0.011979 0.054630
2 0.848698 0.635648 0.017188 0.076852
2 0.832812 0.603241 0.015625 0.073148
2 0.497656 0.663889 0.018229 0.077778
2 0.846354 0.461574 0.015625 0.071296
2 0.290625 0.397685 0.014583 0.062037
2 0.466406 0.638426 0.015104 0.087963
2 0.647917 0.457870 0.015625 0.063889
2 0.784896 0.366204 0.012500 0.062037
0 0.408094 0.312477 0.005771 0.013843
