0 0.725000 0.550463 0.012500 0.012037
2 0.129688 0.264815 0.013542 0.046296
2 0.319010 0.220370 0.017188 0.051852
3 0.096094 0.209259 0.014063 0.046296
2 0.509896 0.215278 0.011458 0.045370
2 0.471615 0.234722 0.009896 0.047222
2 0.580990 0.268981 0.015104 0.056481
3 0.468229 0.314352 0.012500 0.054630
2 0.605990 0.537500 0.018229 0.067593
2 0.476823 0.339815 0.015104 0.061111
2 0.698438 0.362037 0.013542 0.066667
2 0.280208 0.368519 0.015625 0.062963
2 0.205208 0.307407 0.015625 0.061111
2 0.325000 0.316667 0.016667 0.062963
2 0.077083 0.395833 0.012500 0.065741
2 0.564583 0.429167 0.020833 0.069444
2 0.226302 0.598148 0.018229 0.087037
2 0.395052 0.364815 0.016146 0.061111
2 0.679167 0.395833 0.015625 0.071296
2 0.787760 0.572222 0.020313 0.075926
2 0.298177 0.472685 0.017188 0.076852
2 0.740365 0.412037 0.020313 0.072222
2 0.818750 0.596296 0.035417 0.070370
