3 0.415557 0.256384 0.008198 0.029435
2 0.229948 0.413426 0.016146 0.058333
2 0.168695 0.478829 0.016557 0.040991
2 0.475260 0.377315 0.011979 0.041667
1 0.153052 0.378995 0.015479 0.041324
2 0.313542 0.371296 0.016667 0.038889
2 0.486198 0.331019 0.014063 0.039815
2 0.328125 0.412037 0.012500 0.046296
3 0.331771 0.462963 0.009375 0.051852
2 0.596615 0.368519 0.013021 0.053704
2 0.215625 0.440741 0.012500 0.048148
2 0.859115 0.471296 0.011979 0.051852
2 0.472917 0.485185 0.010417 0.055556
2 0.829427 0.428704 0.011979 0.051852
3 0.936979 0.817130 0.016667 0.084259
2 0.394010 0.428241 0.014063 0.043519
2 0.505729 0.426852 0.016667 0.050000
2 0.790365 0.485185 0.010937 0.053704
2 0.610156 0.575000 0.014063 0.059259
2 0.584635 0.469444 0.017188 0.053704
2 0.749740 0.472222 0.015104 0.053704
2 0.808594 0.590278 0.015104 0.067593
0 0.179060 0.498917 0.004995 0.008944
2 0.168552 0.468764 0.023563 0.041231
