3 0.217349 0.238833 0.010740 0.040630
3 0.637336 0.420051 0.014255 0.049361
2 0.711607 0.332838 0.013839 0.050861
2 0.314844 0.446296 0.017188 0.055556
2 0.714583 0.349074 0.017708 0.048148
0 0.564063 0.594444 0.007292 0.011111
2 0.536872 0.248185 0.011245 0.038963
2 0.615885 0.564352 0.030729 0.069444
2 0.418750 0.425000 0.017708 0.061111
2 0.644271 0.439352 0.017708 0.058333
2 0.781250 0.370370 0.009375 0.055556
2 0.244010 0.441667 0.016146 0.055556
2 0.550000 0.324074 0.012500 0.050000
2 0.388021 0.787963 0.023958 0.085185
2 0.166406 0.569907 0.020313 0.071296
2 0.876563 0.451389 0.012500 0.062037
2 0.361458 0.314815 0.014583 0.046296
2 0.235417 0.701852 0.019792 0.077778
2 0.155208 0.648148 0.015625 0.079630
2 0.434115 0.463889 0.023438 0.055556
2 0.389323 0.514352 0.020313 0.063889
2 0.602604 0.572685 0.029167 0.071296
2 0.237240 0.616667 0.025521 0.075926
