3 0.358073 0.249074 0.006771 0.027778
2 0.504687 0.292130 0.009375 0.041667
2 0.669010 0.331019 0.010937 0.037963
3 0.555990 0.356944 0.009896 0.047222
2 0.688802 0.333796 0.010937 0.045370
2 0.609635 0.404167 0.008854 0.049074
2 0.371875 0.684259 0.021875 0.064815
2 0.725521 0.381019 0.010417 0.050926
2 0.590625 0.397222 0.014583 0.050000
2 0.454948 0.427778 0.014063 0.053704
2 0.760417 0.428241 0.012500 0.056481
2 0.713542 0.386574 0.011458 0.050926
3 0.951411 0.735185 0.021573 0.077778
2 0.641667 0.701389 0.020833 0.078704
2 0.308854 0.377315 0.010417 0.050926
2 0.438542 0.527778 0.011458 0.064815
2 0.404948 0.447685 0.013021 0.052778
2 0.627865 0.555093 0.017188 0.065741
2 0.060677 0.481944 0.014063 0.056481
2 0.645573 0.427778 0.011979 0.053704
2 0.855469 0.635185 0.015104 0.066667
2 0.827865 0.516667 0.015104 0.061111
2 0.488021 0.605093 0.016667 0.069444
2 0.776823 0.668056 0.022396 0.071296
0 0.363987 0.705921 0.006099 0.011843
