2 0.563385 0.250769 0.013229 0.045981
2 0.565625 0.270370 0.016667 0.042593
2 0.440365 0.261574 0.009896 0.041667
3 0.249219 0.222685 0.009896 0.039815
2 0.429688 0.254167 0.013542 0.045370
2 0.700521 0.367593 0.009375 0.051852
2 0.239583 0.260185 0.009375 0.046296
2 0.513021 0.268519 0.011458 0.048148
2 0.708333 0.295370 0.013542 0.050000
2 0.448698 0.320833 0.015104 0.052778
2 0.429948 0.312963 0.014063 0.051852
2 0.672396 0.302315 0.017708 0.050926
2 0.602604 0.382407 0.016667 0.057407
2 0.780990 0.337963 0.018229 0.055556
2 0.269010 0.304167 0.019271 0.049074
2 0.820312 0.349537 0.012500 0.054630
3 0.619271 0.325000 0.016667 0.051852
2 0.781771 0.403704 0.018750 0.061111
2 0.184115 0.376852 0.015104 0.055556
2 0.827344 0.546296 0.016146 0.066667
2 0.306771 0.525000 0.017708 0.074074
2 0.802344 0.625926 0.021354 0.077778
0 0.361120 0.278435 0.006615 0.008722
