3 0.220052 0.226852 0.015104 0.038889
2 0.558594 0.264815 0.013021 0.044444
2 0.566927 0.269907 0.018229 0.043519
2 0.419911 0.249153 0.016906 0.040898
3 0.583073 0.319444 0.011979 0.051852
2 0.390885 0.246296 0.013021 0.050000
2 0.211458 0.263889 0.008333 0.050000
2 0.630107 0.325329 0.014380 0.054361
2 0.484115 0.278704 0.011979 0.048148
2 0.877865 0.443056 0.015104 0.060185
2 0.764844 0.327778 0.011979 0.055556
2 0.813281 0.398148 0.010937 0.066667
2 0.419531 0.336574 0.015104 0.058333
2 0.452344 0.342593 0.013021 0.055556
2 0.744010 0.371296 0.014063 0.059259
2 0.892448 0.527778 0.023438 0.072222
2 0.586458 0.403704 0.016667 0.059259
2 0.275781 0.357870 0.015104 0.058333
2 0.662760 0.662037 0.021354 0.079630
2 0.132812 0.372685 0.011458 0.060185
2 0.214844 0.537963 0.020313 0.077778
0 0.387586 0.269056 0.004339 0.008481
2 0.635792 0.324171 0.015333 0.046491
