0 0.547917 0.466204 0.005208 0.012037
3 0.363021 0.213486 0.014583 0.038083
2 0.417708 0.248148 0.014583 0.033333
2 0.680742 0.325463 0.018776 0.050926
2 0.745833 0.341667 0.013542 0.055556
2 0.556771 0.444444 0.018750 0.057407
2 0.773177 0.437037 0.017188 0.064815
2 0.679401 0.452778 0.022344 0.061111
2 0.480729 0.341204 0.011458 0.052778
3 0.324740 0.412037 0.014063 0.057407
2 0.375781 0.296296 0.010937 0.048148
2 0.380469 0.394444 0.015104 0.055556
3 0.965104 0.796759 0.027083 0.093519
2 0.568750 0.518056 0.013542 0.063889
2 0.235937 0.398611 0.014583 0.060185
2 0.112500 0.553704 0.016667 0.068519
2 0.442708 0.731944 0.019792 0.082407
2 0.654167 0.619907 0.017708 0.078704
2 0.355990 0.483333 0.014063 0.066667
2 0.222396 0.455093 0.018750 0.065741
2 0.876042 0.530093 0.026042 0.075000
2 0.255729 0.484259 0.018750 0.066667
2 0.308594 0.642130 0.017188 0.073148
2 0.159635 0.566667 0.015104 0.075926
