3 0.358073 0.453241 0.017188 0.049074
2 0.389844 0.292593 0.011979 0.031481
2 0.261979 0.365278 0.012500 0.047222
2 0.364844 0.505093 0.010937 0.056481
1 0.952083 0.405093 0.018750 0.049074
2 0.421875 0.398611 0.010417 0.047222
2 0.606250 0.377315 0.013542 0.043519
2 0.620573 0.701852 0.018229 0.074074
2 0.569531 0.387963 0.014063 0.050000
2 0.542708 0.701852 0.020833 0.072222
2 0.400521 0.601389 0.017708 0.065741
2 0.708253 0.460917 0.017547 0.058870
3 0.888432 0.710139 0.023740 0.081389
2 0.240885 0.472222 0.014063 0.055556
2 0.642708 0.707870 0.032292 0.062037
2 0.384607 0.706014 0.022339 0.069435
2 0.782552 0.597222 0.020313 0.059259
2 0.681771 0.550000 0.013542 0.061111
2 0.461458 0.612963 0.020833 0.068519
2 0.239323 0.607407 0.020313 0.070370
2 0.273698 0.604167 0.019271 0.067593
2 0.209375 0.638889 0.017708 0.068519
2 0.582812 0.518519 0.013542 0.055556
0 0.619107 0.721819 0.006964 0.014009
3 0.266878 0.265120 0.007714 0.035796
