2 0.656510 0.262963 0.009896 0.037037
3 0.316336 0.250102 0.011839 0.040944
2 0.751563 0.405093 0.012500 0.041667
1 0.017969 0.381944 0.010937 0.047222
2 0.560677 0.329167 0.008854 0.045370
2 0.680729 0.304167 0.009375 0.039815
2 0.344792 0.337037 0.016667 0.042593
2 0.593750 0.348148 0.008333 0.051852
2 0.717448 0.373611 0.011979 0.050926
2 0.422135 0.281019 0.014063 0.036111
2 0.707552 0.378704 0.014063 0.050000
2 0.751302 0.440741 0.013021 0.050000
3 0.460938 0.373148 0.013542 0.048148
2 0.476042 0.371759 0.010417 0.043519
2 0.601302 0.383796 0.010937 0.045370
2 0.740885 0.475000 0.015104 0.062963
2 0.509115 0.667130 0.014063 0.080556
3 0.929982 0.781829 0.024547 0.093287
2 0.596354 0.467593 0.011458 0.055556
2 0.833333 0.744444 0.018750 0.079630
2 0.805208 0.609259 0.021875 0.064815
2 0.247135 0.432870 0.018229 0.056481
2 0.563542 0.528241 0.018750 0.063889
2 0.358333 0.420370 0.020833 0.053704
0 0.354516 0.351755 0.004865 0.009065
