2 0.272135 0.279630 0.023438 0.050000
3 0.270271 0.197991 0.016583 0.038574
2 0.572917 0.200000 0.010417 0.042593
2 0.529427 0.236574 0.008854 0.037963
2 0.263802 0.290278 0.017188 0.054630
2 0.614844 0.237500 0.014063 0.045370
2 0.452865 0.220370 0.009896 0.040741
2 0.528646 0.270833 0.015625 0.050926
2 0.373177 0.377778 0.026562 0.059259
2 0.404427 0.292130 0.013021 0.050926
3 0.453125 0.410185 0.010417 0.062963
2 0.377083 0.252778 0.010417 0.048148
2 0.558073 0.272685 0.010937 0.052778
2 0.211719 0.393056 0.016146 0.060185
2 0.725521 0.285185 0.011458 0.053704
2 0.295312 0.375926 0.013542 0.061111
2 0.297656 0.253704 0.020313 0.050000
2 0.636198 0.332407 0.011979 0.059259
2 0.182292 0.523148 0.018750 0.070370
2 0.230729 0.430556 0.017708 0.068519
2 0.170573 0.695370 0.022396 0.094444
2 0.792708 0.524537 0.019792 0.080556
0 0.610187 0.254356 0.005792 0.012417
