1 0.996354 0.382870 0.007292 0.037963
2 0.587240 0.340741 0.013021 0.029630
2 0.507812 0.340741 0.010417 0.037037
2 0.657031 0.332407 0.009896 0.038889
2 0.232552 0.415278 0.009896 0.041667
2 0.280469 0.362963 0.013021 0.037037
3 0.471354 0.397685 0.008333 0.039815
2 0.422135 0.413426 0.009896 0.045370
2 0.387240 0.402315 0.011979 0.047222
2 0.654427 0.401389 0.011979 0.049074
2 0.222135 0.638426 0.016146 0.065741
2 0.746615 0.388426 0.009896 0.045370
2 0.164583 0.544907 0.013542 0.060185
2 0.725000 0.551852 0.013542 0.053704
2 0.268490 0.502315 0.013021 0.058333
2 0.586198 0.446759 0.011979 0.054630
2 0.197135 0.456019 0.010937 0.054630
2 0.555729 0.441667 0.012500 0.050000
2 0.221094 0.521296 0.015104 0.059259
2 0.863542 0.502778 0.021875 0.057407
2 0.685156 0.638426 0.017188 0.063889
2 0.401823 0.656019 0.026562 0.062037
0 0.439065 0.384778 0.006255 0.012148
3 0.225555 0.285037 0.011526 0.038593
