3 0.332292 0.263426 0.008333 0.028704
2 0.592708 0.377315 0.009375 0.043519
3 0.940885 0.945833 0.026562 0.087963
3 0.473698 0.409259 0.013021 0.044444
2 0.677604 0.612500 0.011458 0.054630
2 0.303646 0.378241 0.010417 0.041667
2 0.650781 0.519907 0.010937 0.056481
2 0.632552 0.435185 0.010937 0.048148
2 0.250000 0.597222 0.015625 0.061111
2 0.325781 0.361574 0.011979 0.043519
2 0.431250 0.493519 0.016667 0.050000
2 0.690625 0.606944 0.011458 0.065741
2 0.480469 0.463426 0.010937 0.052778
2 0.538021 0.567130 0.015625 0.062037
2 0.711719 0.461574 0.014063 0.056481
2 0.511198 0.599537 0.016146 0.060185
2 0.522396 0.637963 0.018750 0.062963
2 0.283333 0.483333 0.016667 0.050000
2 0.464583 0.548611 0.017708 0.058333
2 0.759115 0.587037 0.019271 0.066667
2 0.206510 0.548611 0.024479 0.047222
2 0.582812 0.542130 0.019792 0.052778
2 0.334635 0.612963 0.019271 0.062963
0 0.306945 0.395245 0.004516 0.009009
