2 0.647135 0.414815 0.009896 0.042593
2 0.720573 0.481481 0.015104 0.050000
2 0.646354 0.451389 0.012500 0.050926
2 0.434375 0.409259 0.013542 0.046296
2 0.403906 0.407870 0.013021 0.045370
2 0.320573 0.586574 0.023438 0.056481
3 0.448177 0.429167 0.011979 0.049074
2 0.391667 0.512037 0.011458 0.050000
3 0.947922 0.838088 0.031260 0.074324
1 0.923958 0.410648 0.016667 0.047222
2 0.319792 0.634259 0.018750 0.064815
2 0.291146 0.501389 0.012500 0.054630
2 0.474479 0.543981 0.014583 0.056481
2 0.687240 0.564815 0.013021 0.061111
2 0.729948 0.529630 0.015104 0.059259
2 0.546094 0.559722 0.014063 0.058333
2 0.562240 0.561111 0.013021 0.057407
2 0.455990 0.561111 0.020313 0.055556
2 0.592969 0.611111 0.018229 0.061111
2 0.808333 0.628704 0.015625 0.055556
2 0.408854 0.635185 0.020833 0.064815
2 0.434375 0.628704 0.016667 0.066667
2 0.266406 0.570370 0.017188 0.055556
0 0.467232 0.391917 0.006339 0.011611
3 0.312549 0.258704 0.007391 0.030370
