2 0.234734 0.421759 0.016344 0.050926
2 0.536458 0.358333 0.008333 0.040741
2 0.377716 0.299139 0.014807 0.027907
2 0.445312 0.330556 0.007292 0.037037
2 0.440104 0.335648 0.012500 0.039815
2 0.241927 0.433796 0.018229 0.047222
2 0.734375 0.393981 0.008333 0.045370
2 0.518229 0.331944 0.009375 0.041667
2 0.527604 0.411111 0.010417 0.044444
2 0.695052 0.346296 0.008854 0.040741
3 0.542708 0.411574 0.019792 0.043519
2 0.652865 0.539815 0.008854 0.053704
2 0.364323 0.375000 0.010937 0.040741
2 0.722917 0.423148 0.014583 0.044444
2 0.256250 0.638889 0.023958 0.062963
2 0.537500 0.719907 0.022917 0.071296
2 0.411979 0.319444 0.014583 0.031481
2 0.277865 0.362500 0.010937 0.045370
2 0.602604 0.368519 0.009375 0.046296
2 0.804688 0.507407 0.013542 0.055556
2 0.205990 0.558333 0.014063 0.057407
3 0.329172 0.273755 0.014594 0.036398
