2 0.611750 0.293537 0.011000 0.031519
2 0.238802 0.350463 0.011979 0.032407
2 0.615885 0.350000 0.008854 0.035185
1 0.830208 0.354065 0.013542 0.047019
2 0.723234 0.355157 0.011052 0.038093
2 0.917708 0.484722 0.012500 0.049074
2 0.545833 0.316204 0.011458 0.034259
2 0.631250 0.393519 0.017708 0.044444
2 0.251563 0.386574 0.015625 0.034259
2 0.376042 0.431481 0.010417 0.046296
2 0.367188 0.305556 0.008333 0.033333
2 0.330729 0.379630 0.011458 0.044444
2 0.179948 0.457407 0.014063 0.046296
3 0.437240 0.428704 0.009896 0.050000
2 0.585156 0.404167 0.013021 0.039815
2 0.771094 0.512037 0.015104 0.046296
2 0.278125 0.516667 0.017708 0.055556
2 0.218229 0.628704 0.020833 0.059259
2 0.367969 0.652315 0.016146 0.067593
2 0.134115 0.589815 0.015104 0.066667
2 0.755469 0.687037 0.025521 0.068519
2 0.113802 0.602778 0.021354 0.066667
3 0.151984 0.294519 0.009177 0.031630
