2 0.194271 0.548148 0.013542 0.040741
2 0.203646 0.546296 0.016667 0.038889
2 0.266406 0.501852 0.015104 0.042593
2 0.368490 0.447685 0.007812 0.034259
1 0.189844 0.456944 0.016146 0.034259
2 0.352083 0.427778 0.008333 0.037037
3 0.411458 0.481944 0.015625 0.037963
2 0.291406 0.473611 0.010937 0.036111
2 0.469531 0.543981 0.010937 0.045370
2 0.444271 0.486574 0.008333 0.039815
2 0.689844 0.448611 0.007812 0.039815
2 0.327865 0.513889 0.017188 0.046296
2 0.832292 0.543056 0.011458 0.049074
2 0.433854 0.555093 0.013542 0.049074
2 0.302604 0.566204 0.016667 0.049074
2 0.567187 0.589352 0.009375 0.050926
2 0.902344 0.695833 0.010937 0.063889
2 0.823438 0.574537 0.012500 0.050926
2 0.871094 0.551389 0.010937 0.049074
2 0.736719 0.708796 0.015104 0.056481
2 0.595573 0.599537 0.014063 0.050926
2 0.890885 0.713889 0.021354 0.066667
3 0.470482 0.339375 0.007630 0.023194
