2 0.312500 0.487037 0.027083 0.066667
2 0.301823 0.492130 0.024479 0.058333
2 0.890365 0.610185 0.018229 0.077778
2 0.431510 0.548611 0.018229 0.067593
2 0.670312 0.348148 0.012500 0.046296
2 0.768750 0.435185 0.020833 0.055556
2 0.349740 0.543056 0.028646 0.058333
2 0.258854 0.588889 0.032292 0.061111
2 0.376302 0.634722 0.017188 0.069444
2 0.326302 0.367593 0.021354 0.046296
2 0.623698 0.573148 0.017188 0.066667
2 0.284896 0.576852 0.022917 0.059259
2 0.865365 0.630556 0.014063 0.077778
2 0.365625 0.315278 0.021875 0.041667
2 0.847396 0.457407 0.013542 0.062963
2 0.765885 0.499537 0.017188 0.067593
2 0.441146 0.461111 0.020833 0.059259
3 0.503385 0.409259 0.018229 0.048148
2 0.604167 0.529630 0.021875 0.062963
2 0.501042 0.562037 0.021875 0.070370
2 0.779427 0.675463 0.025521 0.067593
3 0.406836 0.211667 0.011589 0.030741
0 0.255349 0.608472 0.007573 0.013241
