2 0.244271 0.453241 0.007292 0.037963
2 0.864062 0.706944 0.016667 0.036111
2 0.154167 0.540278 0.020833 0.025000
2 0.232776 0.435625 0.006177 0.037917
2 0.264062 0.466667 0.009375 0.042593
2 0.250521 0.519444 0.009375 0.040741
3 0.338802 0.487037 0.011979 0.040741
2 0.396094 0.520833 0.009896 0.049074
2 0.793229 0.540741 0.009375 0.044444
2 0.372135 0.507870 0.009896 0.043519
2 0.777604 0.567130 0.009375 0.050926
2 0.828906 0.542130 0.009896 0.049074
2 0.609375 0.441204 0.009375 0.034259
2 0.837240 0.687500 0.017188 0.065741
2 0.480208 0.553704 0.010417 0.048148
2 0.665625 0.697685 0.016667 0.058333
2 0.050992 0.561662 0.013443 0.039991
0 0.349250 0.398421 0.004750 0.009806
2 0.268630 0.437403 0.008094 0.034065
2 0.235409 0.453282 0.008318 0.043602
1 0.253271 0.440847 0.012792 0.027991
2 0.408057 0.444676 0.010906 0.035648
2 0.469031 0.554713 0.012021 0.052019
3 0.405336 0.343523 0.007547 0.031491
