3 0.310937 0.314815 0.007292 0.025926
0 0.931250 0.761111 0.010417 0.014815
2 0.557813 0.366667 0.007292 0.033333
2 0.398698 0.405093 0.008854 0.036111
2 0.512760 0.367130 0.006771 0.030556
2 0.892708 0.781481 0.020833 0.048148
2 0.488021 0.483333 0.012500 0.044444
2 0.524479 0.475926 0.012500 0.042593
2 0.184375 0.667593 0.017708 0.055556
2 0.725000 0.458333 0.016667 0.042593
2 0.421875 0.805556 0.013542 0.062963
3 0.513281 0.524287 0.013021 0.046722
2 0.417187 0.359722 0.007292 0.036111
2 0.301823 0.412963 0.010937 0.037037
3 0.924932 0.825046 0.032156 0.074167
2 0.707812 0.525000 0.014583 0.044444
2 0.665625 0.423148 0.013542 0.042593
2 0.270573 0.490741 0.014063 0.046296
2 0.259635 0.740741 0.013021 0.061111
2 0.307552 0.608796 0.016146 0.052778
2 0.870833 0.773611 0.023958 0.075000
2 0.178385 0.625000 0.015104 0.059259
2 0.807813 0.587037 0.013542 0.051852
2 0.440104 0.613426 0.020833 0.054630
