0 0.850000 0.710648 0.006250 0.010185
2 0.256510 0.612639 0.010937 0.045648
2 0.571763 0.549106 0.010193 0.038954
2 0.532552 0.468519 0.007812 0.031481
2 0.363021 0.476852 0.007292 0.031481
1 0.850781 0.517593 0.008854 0.038889
2 0.318490 0.538889 0.008854 0.044444
2 0.409635 0.550463 0.007812 0.041667
2 0.415104 0.606944 0.010417 0.045370
2 0.554948 0.562963 0.008854 0.044444
3 0.459375 0.589352 0.009375 0.043519
2 0.502344 0.663889 0.008854 0.051852
2 0.620052 0.682407 0.020313 0.050000
2 0.304427 0.525000 0.007812 0.038889
2 0.271094 0.639352 0.009896 0.047222
2 0.225781 0.685648 0.010937 0.050926
3 0.937865 0.855569 0.024687 0.064843
2 0.260937 0.791204 0.014583 0.063889
2 0.872917 0.700463 0.018750 0.054630
2 0.452865 0.689815 0.010937 0.053704
2 0.395052 0.887037 0.015104 0.066667
2 0.494531 0.694907 0.017188 0.054630
2 0.051042 0.796296 0.014583 0.055556
2 0.259625 0.602051 0.011958 0.044843
3 0.340341 0.408343 0.005682 0.025944
