1 0.157031 0.450000 0.008854 0.038889
2 0.070573 0.518056 0.014063 0.041667
2 0.398958 0.371296 0.007292 0.033333
2 0.667708 0.320833 0.006250 0.025000
2 0.433073 0.374537 0.007812 0.036111
2 0.761458 0.430093 0.009375 0.036111
2 0.333073 0.491667 0.007812 0.046296
2 0.763542 0.386574 0.009375 0.034259
2 0.253906 0.459259 0.008854 0.040741
2 0.153906 0.502315 0.009896 0.034259
2 0.722917 0.468056 0.010417 0.034259
2 0.516927 0.431019 0.008854 0.039815
2 0.375000 0.508333 0.010417 0.046296
2 0.445573 0.511111 0.011979 0.044444
2 0.723177 0.638889 0.013021 0.057407
2 0.774479 0.469444 0.015625 0.040741
2 0.581510 0.436574 0.013021 0.037963
2 0.396875 0.668519 0.010417 0.061111
2 0.371354 0.685185 0.013542 0.062963
2 0.652865 0.583333 0.008854 0.053704
3 0.794010 0.843519 0.019271 0.074074
3 0.555729 0.482407 0.012500 0.046296
2 0.769271 0.637963 0.010417 0.057407
3 0.429964 0.275079 0.006802 0.027935
