2 0.814307 0.266852 0.011948 0.033704
2 0.857833 0.341829 0.014625 0.044769
2 0.724479 0.238889 0.011458 0.035185
2 0.845573 0.247222 0.008854 0.031481
2 0.829201 0.307880 0.009443 0.043537
2 0.592469 0.271829 0.008896 0.038102
2 0.865880 0.382037 0.011969 0.051111
2 0.725260 0.311574 0.008854 0.039815
2 0.583622 0.360171 0.014120 0.049972
2 0.795573 0.308333 0.010937 0.042593
2 0.577604 0.249074 0.012500 0.033333
2 0.841927 0.323148 0.010937 0.048148
1 0.148430 0.326389 0.009359 0.043519
2 0.412878 0.296736 0.009089 0.043472
3 0.673958 0.318981 0.011458 0.043519
2 0.653906 0.299537 0.008854 0.041667
2 0.816927 0.504630 0.015104 0.055556
2 0.364583 0.303241 0.011458 0.041667
2 0.790365 0.356944 0.011979 0.043519
2 0.415365 0.349537 0.014063 0.045370
2 0.359115 0.387037 0.017188 0.050000
2 0.511393 0.526296 0.019661 0.065556
0 0.152896 0.344903 0.004750 0.008324
3 0.384703 0.229324 0.010031 0.029019
