3 0.210677 0.360185 0.009896 0.025926
2 0.369010 0.387500 0.007812 0.032407
2 0.252344 0.419444 0.010937 0.037037
1 0.841667 0.450926 0.009375 0.037037
2 0.257552 0.455093 0.006771 0.036111
2 0.749219 0.497685 0.009896 0.045370
2 0.357292 0.413426 0.008333 0.032407
3 0.455729 0.519907 0.009375 0.045370
2 0.629948 0.437037 0.006771 0.040741
2 0.452083 0.480093 0.007292 0.037963
3 0.959370 0.693190 0.023948 0.058602
2 0.199479 0.720833 0.016667 0.065741
2 0.576302 0.422685 0.010937 0.039815
2 0.209635 0.468519 0.010937 0.042593
2 0.327344 0.602778 0.010937 0.053704
2 0.857552 0.704167 0.014063 0.071296
2 0.734115 0.539352 0.010937 0.049074
2 0.429167 0.492130 0.011458 0.045370
2 0.442708 0.823148 0.022917 0.066667
2 0.182292 0.525463 0.012500 0.043519
2 0.785937 0.644444 0.015625 0.059259
2 0.422917 0.604167 0.014583 0.054630
2 0.180469 0.619907 0.015104 0.054630
2 0.303125 0.762037 0.013542 0.068519
0 0.826133 0.457583 0.005391 0.009611
