2 0.394281 0.438023 0.011479 0.039009
1 0.015365 0.429630 0.013021 0.038889
2 0.444271 0.311574 0.009375 0.026852
2 0.276823 0.417593 0.007812 0.042593
2 0.281594 0.514042 0.018396 0.050306
2 0.596875 0.367593 0.007292 0.035185
2 0.466406 0.365278 0.007812 0.036111
2 0.284375 0.418056 0.009375 0.045370
2 0.328125 0.364815 0.008333 0.035185
2 0.393229 0.327778 0.007292 0.033333
3 0.391927 0.453704 0.011979 0.044444
2 0.889583 0.406481 0.010417 0.042593
2 0.663021 0.330556 0.009375 0.035185
2 0.471354 0.511111 0.008333 0.048148
2 0.575781 0.398148 0.007812 0.038889
2 0.594010 0.438426 0.008854 0.041667
2 0.457031 0.468981 0.009896 0.047222
2 0.333854 0.476852 0.008333 0.046296
3 0.978464 0.824620 0.020469 0.080722
2 0.812240 0.494907 0.015104 0.045370
2 0.276302 0.604630 0.010937 0.057407
2 0.361458 0.561111 0.011458 0.055556
2 0.466406 0.806019 0.027604 0.069444
0 0.806292 0.512162 0.005292 0.009509
2 0.533721 0.284472 0.011193 0.033759
3 0.354284 0.287130 0.008568 0.027963
