2 0.407552 0.399537 0.006771 0.032407
2 0.625260 0.557870 0.015104 0.045370
2 0.467784 0.464588 0.007443 0.043991
1 0.071094 0.477778 0.009896 0.038889
3 0.934820 0.885176 0.023807 0.079611
2 0.639323 0.461111 0.008854 0.038889
2 0.464844 0.525463 0.007812 0.043519
2 0.363281 0.443056 0.007812 0.039815
2 0.320312 0.495833 0.009375 0.043519
1 0.957169 0.487056 0.014339 0.042630
2 0.742448 0.437963 0.009896 0.040741
3 0.447656 0.577778 0.009896 0.051852
2 0.303646 0.606944 0.012500 0.056481
2 0.416667 0.430556 0.008333 0.037037
2 0.562760 0.618519 0.011979 0.051852
2 0.352344 0.478704 0.009896 0.044444
2 0.530208 0.569444 0.011458 0.053704
2 0.392969 0.551852 0.011979 0.048148
2 0.765104 0.696759 0.012500 0.062037
2 0.369792 0.718981 0.017708 0.062037
2 0.741146 0.597685 0.011458 0.049074
2 0.260156 0.836574 0.015104 0.065741
2 0.516146 0.843981 0.018750 0.073148
2 0.568773 0.349750 0.008380 0.034685
3 0.408500 0.339014 0.006583 0.028028
0 0.737141 0.595014 0.004490 0.008546
