2 0.486458 0.284722 0.012500 0.052778
2 0.819531 0.278241 0.009896 0.049074
2 0.602344 0.186574 0.009896 0.037963
2 0.343490 0.250000 0.009896 0.048148
2 0.358854 0.426389 0.013542 0.058333
2 0.494977 0.295819 0.022245 0.037935
1 0.069271 0.302315 0.015625 0.049074
2 0.790885 0.251389 0.009896 0.049074
2 0.266667 0.316204 0.011458 0.050926
2 0.386719 0.325000 0.013021 0.051852
2 0.365104 0.375926 0.016667 0.050000
2 0.564583 0.441667 0.013542 0.070370
2 0.830990 0.296759 0.011979 0.049074
2 0.245573 0.620833 0.028646 0.071296
3 0.490625 0.400926 0.015625 0.055556
2 0.583594 0.358796 0.011979 0.054630
3 0.867214 0.871296 0.035469 0.096296
2 0.408333 0.524537 0.023958 0.065741
2 0.308594 0.445370 0.024479 0.062963
2 0.375000 0.608333 0.037500 0.072222
2 0.801823 0.471759 0.018229 0.071296
2 0.766667 0.493519 0.018750 0.066667
3 0.458625 0.129991 0.009958 0.034056
0 0.465427 0.316907 0.005854 0.011593
2 0.486919 0.295616 0.011339 0.043083
