2 0.509635 0.395370 0.006771 0.033333
2 0.695052 0.463889 0.010937 0.042593
2 0.476302 0.341204 0.005729 0.026852
1 0.982292 0.446759 0.010417 0.041667
2 0.407292 0.384722 0.007292 0.034259
1 0.110417 0.432407 0.007292 0.038889
2 0.749299 0.369903 0.011099 0.036102
2 0.714583 0.386574 0.007292 0.032407
2 0.545052 0.545833 0.009896 0.049074
2 0.709375 0.461574 0.009375 0.041667
2 0.454427 0.381944 0.007812 0.034259
3 0.484896 0.500000 0.009375 0.046296
2 0.395573 0.499074 0.009896 0.048148
2 0.491667 0.446759 0.007292 0.037963
2 0.359896 0.433796 0.007292 0.041667
2 0.351302 0.644444 0.011979 0.059259
2 0.353646 0.507870 0.009375 0.049074
2 0.275781 0.750926 0.014063 0.061111
2 0.371615 0.431944 0.008854 0.039815
2 0.539062 0.465741 0.009375 0.042593
2 0.531510 0.774537 0.015104 0.069444
2 0.796094 0.629167 0.013021 0.056481
3 0.429211 0.309375 0.006339 0.024306
0 0.742557 0.380819 0.003865 0.007935
2 0.612846 0.313963 0.007984 0.026074
