3 0.430260 0.252852 0.008437 0.033481
2 0.790815 0.382171 0.009755 0.043972
2 0.778125 0.318056 0.009375 0.037963
2 0.716927 0.274074 0.007812 0.035185
2 0.752604 0.307870 0.009375 0.037963
2 0.764062 0.375926 0.010417 0.040741
1 0.159375 0.376389 0.010417 0.045370
2 0.469531 0.297222 0.007812 0.038889
2 0.623698 0.383796 0.013021 0.049074
2 0.244792 0.471296 0.015625 0.048148
2 0.675521 0.403241 0.011458 0.045370
2 0.435677 0.392593 0.009896 0.044444
2 0.577083 0.331019 0.007292 0.039815
2 0.350656 0.668208 0.023188 0.067898
2 0.417969 0.434259 0.009896 0.046296
2 0.192969 0.476852 0.015104 0.053704
3 0.616927 0.425926 0.010937 0.046296
2 0.776302 0.463426 0.011979 0.056481
2 0.180651 0.645370 0.025885 0.061111
2 0.810937 0.548611 0.013542 0.063889
2 0.516927 0.484259 0.016146 0.051852
3 0.886198 0.956481 0.029687 0.087037
2 0.846094 0.577778 0.015104 0.057407
0 0.194049 0.671074 0.006849 0.012519
2 0.794328 0.391245 0.011573 0.045454
