3 0.435445 0.224657 0.007349 0.034500
2 0.809508 0.321593 0.009641 0.045037
2 0.803646 0.258222 0.010417 0.036815
2 0.492708 0.242593 0.007292 0.033333
2 0.816406 0.436574 0.010937 0.063889
2 0.805469 0.336514 0.011979 0.047102
2 0.803646 0.385648 0.010417 0.047222
2 0.781771 0.275000 0.012500 0.038889
2 0.551042 0.275000 0.006250 0.037037
2 0.427344 0.318519 0.008854 0.042593
2 0.823984 0.428241 0.014635 0.054630
2 0.638542 0.333333 0.010417 0.046296
2 0.792448 0.320833 0.008854 0.041667
3 0.644792 0.355093 0.010417 0.047222
2 0.689063 0.341204 0.011458 0.043519
2 0.272135 0.381944 0.017188 0.045370
2 0.434896 0.361574 0.011458 0.045370
2 0.710677 0.598611 0.018229 0.069444
3 0.984635 0.961574 0.030729 0.075000
1 0.199536 0.330093 0.017823 0.047222
2 0.302344 0.370370 0.010937 0.048148
2 0.562240 0.396296 0.017188 0.051852
2 0.371094 0.674537 0.024479 0.065741
0 0.210602 0.349662 0.005578 0.010435
2 0.734990 0.237597 0.009562 0.040009
