2 0.451789 0.256759 0.017120 0.037593
2 0.718018 0.326171 0.012078 0.052343
2 0.696992 0.348509 0.014818 0.048870
2 0.522396 0.327315 0.009375 0.043519
2 0.690885 0.269444 0.010937 0.038889
2 0.383909 0.353556 0.010526 0.055259
2 0.869531 0.414815 0.010937 0.057407
2 0.404687 0.261574 0.015625 0.039815
2 0.296615 0.357870 0.011979 0.049074
2 0.688021 0.376389 0.019792 0.052778
2 0.466406 0.361111 0.013021 0.048148
2 0.624740 0.361111 0.013021 0.051852
2 0.585938 0.397222 0.013542 0.053704
3 0.477083 0.402778 0.012500 0.055556
2 0.742188 0.350463 0.015625 0.050926
2 0.542448 0.410648 0.016146 0.054630
2 0.589820 0.539569 0.019224 0.069880
2 0.277083 0.433333 0.011458 0.061111
2 0.285156 0.787500 0.033854 0.084259
2 0.654948 0.600463 0.017188 0.080556
2 0.245581 0.619569 0.022411 0.079880
0 0.582237 0.414088 0.005099 0.009657
3 0.354094 0.208454 0.009229 0.037278
