2 0.577313 0.184023 0.015042 0.036565
2 0.544695 0.288532 0.012307 0.041880
2 0.316406 0.231481 0.011979 0.046296
2 0.469271 0.289815 0.019792 0.046296
2 0.376823 0.358333 0.014063 0.055556
2 0.755729 0.235648 0.020833 0.039815
2 0.814063 0.414352 0.019792 0.069444
2 0.775521 0.265278 0.010417 0.052778
2 0.710417 0.218981 0.009375 0.045370
2 0.799740 0.429630 0.021354 0.061111
2 0.275521 0.343981 0.011458 0.056481
2 0.435417 0.251389 0.011458 0.047222
2 0.415104 0.619907 0.023958 0.075000
3 0.935240 0.874630 0.043396 0.101111
2 0.565885 0.282407 0.015104 0.046296
2 0.397656 0.322222 0.010937 0.053704
2 0.445573 0.371296 0.013021 0.053704
3 0.488281 0.363426 0.016146 0.058333
2 0.472135 0.443519 0.017188 0.061111
2 0.355990 0.397685 0.015104 0.060185
2 0.603385 0.553241 0.029687 0.069444
2 0.548049 0.263079 0.010682 0.042824
0 0.561932 0.284718 0.005115 0.008324
3 0.396086 0.137116 0.009880 0.031639
