2 0.323177 0.265741 0.007812 0.029630
3 0.240885 0.250000 0.009896 0.027778
2 0.299219 0.269444 0.009896 0.031481
1 0.961719 0.307407 0.011979 0.040741
2 0.469841 0.276625 0.009474 0.034731
2 0.598437 0.265278 0.011458 0.037963
2 0.378125 0.303241 0.007292 0.039815
2 0.434635 0.336111 0.008854 0.040741
3 0.425521 0.356481 0.011458 0.042593
2 0.775260 0.276852 0.010937 0.037037
2 0.335677 0.286111 0.011979 0.031481
2 0.250000 0.407407 0.015625 0.044444
2 0.625781 0.307870 0.008854 0.037963
2 0.255091 0.292019 0.009141 0.032185
2 0.356510 0.335185 0.010937 0.042593
2 0.660417 0.281944 0.010417 0.039815
2 0.694271 0.408333 0.014583 0.050000
3 0.971258 0.792162 0.024807 0.082472
2 0.203906 0.351852 0.010937 0.044444
2 0.673698 0.440278 0.011979 0.052778
2 0.499219 0.529630 0.011979 0.059259
2 0.223698 0.496759 0.015104 0.052778
0 0.305977 0.269037 0.003620 0.006593
2 0.252227 0.290204 0.008620 0.037815
2 0.469266 0.267218 0.010406 0.034435
