2 0.319672 0.357593 0.009135 0.033704
2 0.458333 0.291204 0.010417 0.037963
2 0.316146 0.367593 0.009375 0.038889
2 0.482820 0.698162 0.025016 0.059287
2 0.104688 0.668981 0.019792 0.045370
2 0.314063 0.550000 0.019792 0.037037
2 0.572396 0.422685 0.011458 0.041667
2 0.364063 0.435185 0.009375 0.042593
2 0.248177 0.417593 0.010937 0.040741
2 0.552083 0.445833 0.009375 0.043519
2 0.186979 0.545370 0.016667 0.051852
2 0.121609 0.655208 0.021344 0.062269
1 0.886198 0.426389 0.013021 0.043519
2 0.202344 0.452315 0.011979 0.045370
2 0.685677 0.363889 0.009896 0.038889
2 0.494531 0.569444 0.016146 0.057407
3 0.335156 0.518981 0.010937 0.050926
3 0.897917 0.833333 0.016667 0.075926
2 0.223698 0.523611 0.016146 0.049074
2 0.235677 0.430093 0.011979 0.043519
2 0.540885 0.617593 0.019271 0.059259
2 0.823958 0.614352 0.014583 0.058333
2 0.418490 0.730556 0.029687 0.055556
0 0.427042 0.725218 0.008250 0.015250
3 0.323797 0.285204 0.006969 0.027815
