2 0.538802 0.675926 0.009896 0.053704
2 0.338281 0.481944 0.006771 0.036111
2 0.373698 0.440278 0.006771 0.028704
2 0.441870 0.551519 0.008740 0.040074
3 0.924740 0.854630 0.014063 0.066667
2 0.545573 0.390278 0.007812 0.030556
1 0.059635 0.519907 0.010937 0.036111
3 0.439323 0.578704 0.009896 0.046296
2 0.558073 0.572222 0.007812 0.048148
2 0.440625 0.496759 0.009375 0.037963
2 0.298958 0.539815 0.010417 0.040741
2 0.378646 0.759259 0.014583 0.061111
2 0.378906 0.471759 0.008854 0.036111
2 0.288021 0.654167 0.016667 0.054630
2 0.598698 0.495833 0.007812 0.036111
2 0.571818 0.546657 0.016552 0.041463
2 0.338281 0.521296 0.009896 0.048148
1 0.877604 0.496759 0.010417 0.039815
2 0.743750 0.501852 0.009375 0.042593
2 0.741146 0.645370 0.012500 0.048148
2 0.373698 0.586574 0.007812 0.047222
2 0.703385 0.706944 0.014063 0.060185
2 0.220312 0.824537 0.014583 0.063889
2 0.493229 0.852315 0.019792 0.067593
3 0.381872 0.377431 0.006453 0.025231
0 0.698263 0.718347 0.004859 0.008917
