2 0.650260 0.372222 0.009896 0.035185
2 0.303385 0.401389 0.008854 0.036111
1 0.811719 0.362037 0.008854 0.033333
2 0.344531 0.327315 0.007812 0.032407
2 0.252865 0.411574 0.009896 0.041667
2 0.793750 0.371759 0.010417 0.034259
2 0.259635 0.445370 0.009896 0.046296
2 0.502344 0.400926 0.008854 0.033333
2 0.398698 0.368519 0.006771 0.033333
2 0.642188 0.371296 0.008333 0.037037
2 0.483854 0.470833 0.011458 0.043519
2 0.683073 0.451389 0.008854 0.045370
2 0.532552 0.744444 0.014063 0.070370
3 0.505469 0.431481 0.010937 0.042593
2 0.381771 0.478704 0.010417 0.044444
2 0.285417 0.365278 0.010417 0.036111
2 0.471875 0.405093 0.011458 0.037963
2 0.843750 0.570370 0.014583 0.057407
2 0.236198 0.499537 0.013021 0.052778
2 0.784115 0.582870 0.011979 0.054630
2 0.280729 0.612963 0.013542 0.059259
2 0.347917 0.653241 0.016667 0.063889
0 0.727826 0.313218 0.007734 0.013472
3 0.246521 0.316245 0.008667 0.032491
