2 0.231510 0.243935 0.014063 0.041574
2 0.343229 0.174074 0.012500 0.035185
2 0.536198 0.166667 0.010937 0.031481
1 0.189062 0.227778 0.012500 0.038889
2 0.645052 0.193519 0.008854 0.038889
2 0.437500 0.187963 0.009375 0.040741
2 0.506250 0.333333 0.010417 0.051852
2 0.470833 0.199537 0.008333 0.041667
2 0.718750 0.194907 0.013542 0.039815
2 0.662500 0.231944 0.008333 0.043519
2 0.084375 0.348611 0.014583 0.054630
2 0.305320 0.504630 0.018974 0.066667
3 0.614323 0.231019 0.007812 0.045370
2 0.873177 0.289815 0.011979 0.051852
2 0.738021 0.324537 0.011458 0.052778
2 0.781510 0.394444 0.015104 0.055556
2 0.514844 0.271759 0.013021 0.049074
2 0.455729 0.297222 0.012500 0.050000
2 0.852344 0.368981 0.014063 0.060185
2 0.698958 0.307870 0.011458 0.050926
2 0.388576 0.395972 0.016734 0.058611
2 0.702083 0.506944 0.014583 0.065741
3 0.885156 0.913426 0.023438 0.100926
0 0.221070 0.258366 0.004641 0.009324
3 0.401672 0.121051 0.007510 0.032843
