2 0.347266 0.515616 0.013281 0.036787
3 0.765107 0.902051 0.032297 0.063361
1 0.054688 0.531481 0.010417 0.035185
2 0.459635 0.458333 0.006771 0.029630
2 0.652083 0.503704 0.009375 0.037037
2 0.177344 0.671296 0.017188 0.050000
2 0.458854 0.574074 0.012500 0.044444
2 0.667188 0.568981 0.008333 0.043519
2 0.516146 0.706944 0.010417 0.058333
2 0.284115 0.583796 0.010937 0.045370
3 0.498177 0.587963 0.011979 0.046296
2 0.296615 0.633333 0.014063 0.051852
2 0.543490 0.740741 0.013021 0.061111
2 0.345833 0.772222 0.015625 0.061111
2 0.559375 0.700000 0.012500 0.053704
2 0.452083 0.638889 0.016667 0.051852
2 0.574219 0.606481 0.013021 0.048148
2 0.535156 0.674074 0.015104 0.053704
2 0.729948 0.680556 0.020313 0.053704
2 0.052344 0.721759 0.013021 0.050926
2 0.315365 0.633333 0.016146 0.048148
2 0.417708 0.838426 0.020833 0.063889
2 0.342073 0.537963 0.013312 0.048148
3 0.383685 0.390505 0.006953 0.025454
0 0.733034 0.702727 0.006693 0.012861
