2 0.293229 0.200926 0.009375 0.040741
1 0.197917 0.217130 0.010417 0.047222
2 0.325000 0.162037 0.008333 0.040741
2 0.371875 0.178704 0.008333 0.040741
2 0.559375 0.173148 0.010417 0.035185
2 0.478385 0.164352 0.007812 0.036111
2 0.409635 0.192593 0.009896 0.040741
2 0.450521 0.278241 0.009375 0.041667
2 0.125000 0.317593 0.012500 0.053704
2 0.670833 0.183796 0.007292 0.041667
2 0.673177 0.305556 0.008854 0.051852
2 0.457552 0.252778 0.008854 0.044444
2 0.647396 0.218519 0.008333 0.046296
2 0.403385 0.287500 0.009896 0.052778
2 0.832812 0.244907 0.012500 0.050926
2 0.834375 0.327778 0.009375 0.059259
2 0.663802 0.269907 0.009896 0.050926
2 0.732292 0.351852 0.012500 0.059259
2 0.341406 0.367130 0.014063 0.054630
3 0.561198 0.237037 0.014063 0.046296
2 0.307552 0.430093 0.014063 0.065741
2 0.719271 0.456944 0.019792 0.067593
3 0.894010 0.924074 0.022396 0.103704
0 0.229677 0.223907 0.006229 0.010778
3 0.412357 0.116375 0.008047 0.032750
