3 0.430398 0.122028 0.009755 0.032944
2 0.552083 0.152778 0.007292 0.035185
2 0.762500 0.211574 0.013542 0.043519
2 0.362216 0.187606 0.008807 0.041880
2 0.837760 0.323148 0.014063 0.061111
2 0.242120 0.307509 0.014448 0.050204
2 0.678323 0.213356 0.009771 0.045231
2 0.488802 0.225463 0.009896 0.041667
2 0.356250 0.327315 0.019792 0.050926
2 0.475781 0.202778 0.009896 0.040741
2 0.674219 0.262500 0.009896 0.047222
2 0.098437 0.447222 0.014583 0.064815
3 0.622656 0.236574 0.011979 0.045370
2 0.891406 0.445370 0.015104 0.061111
2 0.746875 0.332407 0.016667 0.055556
2 0.500260 0.382870 0.013021 0.056481
2 0.524219 0.303241 0.011979 0.050926
2 0.813021 0.502315 0.013542 0.069444
2 0.259115 0.620370 0.017188 0.075926
2 0.673698 0.371296 0.013021 0.057407
3 0.905109 0.905532 0.035219 0.103657
2 0.434115 0.411111 0.010937 0.059259
2 0.588021 0.574537 0.015625 0.078704
1 0.137201 0.242093 0.013984 0.052704
0 0.244026 0.335264 0.005760 0.011269
