2 0.726807 0.257722 0.017156 0.028407
2 0.384115 0.250000 0.007812 0.029630
2 0.630729 0.244444 0.007292 0.027778
2 0.622656 0.251852 0.007812 0.029630
2 0.375260 0.301389 0.010937 0.043519
2 0.372396 0.339815 0.009375 0.046296
2 0.562240 0.334722 0.008854 0.043519
2 0.392708 0.254167 0.011458 0.034259
2 0.559115 0.252778 0.008854 0.035185
2 0.707552 0.268519 0.011979 0.033333
2 0.650260 0.309259 0.008854 0.037037
2 0.300521 0.599537 0.010417 0.062037
2 0.514062 0.315278 0.010417 0.041667
2 0.805208 0.373611 0.017708 0.049074
2 0.420833 0.319907 0.007292 0.043519
1 0.051042 0.349537 0.011458 0.043519
2 0.420833 0.382407 0.012500 0.048148
2 0.666406 0.353241 0.011979 0.043519
3 0.490625 0.368981 0.011458 0.045370
2 0.530729 0.467130 0.014583 0.054630
2 0.713542 0.463426 0.012500 0.060185
2 0.317708 0.480556 0.018750 0.053704
3 0.417904 0.218708 0.008724 0.028157
0 0.735323 0.270750 0.005021 0.010019
