2 0.570510 0.219509 0.009771 0.031611
2 0.197901 0.285347 0.008302 0.039213
1 0.779427 0.268981 0.009896 0.036111
2 0.588021 0.244907 0.007292 0.034259
2 0.261458 0.310648 0.008333 0.039815
2 0.163021 0.330093 0.010417 0.043519
2 0.226823 0.302778 0.008854 0.038889
3 0.375521 0.390278 0.012500 0.047222
2 0.598698 0.302315 0.008854 0.039815
2 0.700781 0.293519 0.011979 0.038889
2 0.188802 0.336574 0.010937 0.045370
2 0.309375 0.381019 0.011458 0.049074
2 0.758333 0.477778 0.012500 0.059259
2 0.517969 0.281944 0.013021 0.036111
2 0.145573 0.471759 0.010937 0.054630
2 0.490104 0.280556 0.014583 0.035185
2 0.282552 0.374537 0.016146 0.047222
2 0.560417 0.477778 0.014583 0.059259
2 0.228646 0.575463 0.014583 0.063889
2 0.209115 0.409259 0.015104 0.053704
2 0.206771 0.713426 0.031250 0.073148
3 0.192216 0.247019 0.007349 0.032926
2 0.202487 0.269389 0.007057 0.033222
0 0.754005 0.276954 0.004885 0.009463
