3 0.375865 0.569389 0.010063 0.040630
2 0.283854 0.461574 0.008333 0.036111
2 0.648177 0.430556 0.006771 0.033333
2 0.367969 0.606481 0.009896 0.051852
2 0.381771 0.407870 0.006250 0.030556
1 0.140104 0.500463 0.009375 0.039815
2 0.277865 0.476852 0.008854 0.040741
2 0.310677 0.650000 0.020313 0.051852
2 0.163542 0.512037 0.008333 0.040741
2 0.684115 0.482870 0.008854 0.043519
2 0.432292 0.505556 0.009375 0.042593
2 0.079687 0.596759 0.009375 0.052778
2 0.604427 0.432407 0.008854 0.035185
2 0.393490 0.467593 0.008854 0.040741
2 0.498177 0.519444 0.008854 0.040741
2 0.386979 0.590741 0.016667 0.050000
2 0.187240 0.739815 0.014063 0.064815
2 0.673958 0.598148 0.011458 0.051852
2 0.311198 0.549074 0.009896 0.044444
2 0.237240 0.625463 0.013021 0.050926
3 0.722135 0.945833 0.023438 0.078704
2 0.453906 0.592593 0.011979 0.053704
2 0.458854 0.716667 0.020833 0.061111
0 0.150245 0.513431 0.004656 0.008343
3 0.319708 0.365116 0.006083 0.028380
