2 0.515365 0.270370 0.008854 0.033333
2 0.523698 0.278241 0.008854 0.034259
2 0.279948 0.265741 0.007812 0.031481
2 0.239583 0.275000 0.013542 0.035185
2 0.754669 0.424074 0.014547 0.050000
2 0.234375 0.311574 0.009375 0.037963
1 0.833333 0.275000 0.010417 0.035185
2 0.613542 0.259722 0.007292 0.034259
2 0.617708 0.299074 0.010417 0.038889
2 0.580990 0.246296 0.006771 0.033333
2 0.212240 0.315741 0.009896 0.038889
2 0.259896 0.295370 0.011458 0.035185
3 0.441406 0.360648 0.011979 0.041667
2 0.315625 0.322685 0.008333 0.041667
2 0.749219 0.258796 0.010937 0.032407
2 0.234115 0.456944 0.015104 0.050926
2 0.211719 0.388426 0.016146 0.045370
2 0.379427 0.354167 0.010937 0.043519
2 0.348438 0.360185 0.012500 0.046296
2 0.640625 0.447222 0.010417 0.051852
2 0.411458 0.603704 0.012500 0.070370
2 0.258073 0.537963 0.018229 0.055556
3 0.218297 0.250556 0.012635 0.030741
