2 0.648698 0.307870 0.007812 0.026852
1 0.145461 0.424727 0.014880 0.040194
2 0.368750 0.366204 0.008333 0.036111
2 0.706771 0.441667 0.008333 0.040741
2 0.746875 0.375000 0.007292 0.037037
2 0.738802 0.430556 0.009896 0.040741
2 0.111198 0.603241 0.022396 0.052778
2 0.329948 0.739815 0.013021 0.064815
2 0.425781 0.369444 0.008854 0.035185
3 0.612760 0.472685 0.009896 0.047222
2 0.290625 0.483796 0.012500 0.049074
2 0.186719 0.616667 0.018229 0.048148
2 0.242188 0.485185 0.009375 0.046296
2 0.497396 0.408796 0.008333 0.039815
2 0.656510 0.437500 0.014063 0.039815
2 0.396615 0.518056 0.021354 0.045370
2 0.751823 0.464352 0.014063 0.047222
2 0.660937 0.641204 0.013542 0.063889
2 0.727604 0.648611 0.016667 0.065741
2 0.609375 0.580093 0.014583 0.058333
2 0.417708 0.518519 0.015625 0.048148
2 0.353646 0.714352 0.019792 0.065741
3 0.798698 0.858333 0.024479 0.077778
3 0.439992 0.273838 0.008109 0.025454
0 0.096453 0.619060 0.005406 0.010343
