2 0.218539 0.379713 0.021453 0.053870
2 0.630469 0.171296 0.008854 0.037037
1 0.072917 0.318519 0.010417 0.048148
2 0.380729 0.245370 0.010417 0.048148
2 0.254167 0.420833 0.014583 0.054630
3 0.481510 0.388426 0.009896 0.056481
3 0.913542 0.900926 0.025000 0.103704
2 0.427604 0.249074 0.010417 0.042593
2 0.107813 0.611574 0.018750 0.073148
2 0.842969 0.312963 0.010937 0.053704
2 0.893490 0.368056 0.009896 0.062037
2 0.487760 0.289815 0.015104 0.048148
2 0.195052 0.325000 0.016146 0.050000
2 0.221615 0.418056 0.020313 0.052778
2 0.244792 0.437500 0.014583 0.060185
2 0.872917 0.274074 0.010417 0.048148
2 0.629948 0.397685 0.016146 0.058333
2 0.395833 0.564352 0.014583 0.067593
2 0.190625 0.589815 0.026042 0.066667
2 0.785417 0.556481 0.015625 0.079630
2 0.658333 0.368519 0.010417 0.061111
2 0.727344 0.541204 0.018229 0.075000
2 0.463281 0.526852 0.023438 0.062963
3 0.492130 0.128676 0.009260 0.031426
0 0.249169 0.397148 0.005630 0.009111
