3 0.354948 0.286111 0.006771 0.025926
2 0.513542 0.289352 0.007292 0.028704
1 0.014063 0.438426 0.011458 0.043519
2 0.415625 0.523611 0.011458 0.043519
2 0.295492 0.430782 0.009734 0.044898
1 0.907552 0.408333 0.010937 0.044444
2 0.361458 0.337963 0.007292 0.029630
2 0.430990 0.546759 0.008854 0.052778
3 0.421094 0.547685 0.014063 0.054630
2 0.419010 0.381019 0.006771 0.037963
2 0.597656 0.393519 0.007812 0.040741
2 0.369531 0.478704 0.008854 0.046296
2 0.278906 0.440741 0.010937 0.044444
2 0.397396 0.354167 0.007292 0.037963
2 0.482292 0.523611 0.010417 0.047222
2 0.577083 0.451852 0.007292 0.048148
2 0.700260 0.337037 0.008854 0.037037
2 0.424219 0.613889 0.015104 0.059259
2 0.567448 0.438426 0.010937 0.045370
2 0.305469 0.794907 0.016146 0.067593
2 0.783333 0.500000 0.019792 0.050000
2 0.283594 0.610648 0.011979 0.062037
2 0.341927 0.563889 0.011979 0.057407
2 0.292203 0.409282 0.009406 0.044491
0 0.724596 0.423190 0.005443 0.011194
