2 0.300521 0.518519 0.008333 0.038889
2 0.506250 0.434722 0.007292 0.028704
1 0.812240 0.506944 0.009896 0.041667
2 0.339583 0.467593 0.006250 0.027778
2 0.411979 0.521296 0.008333 0.038889
2 0.718229 0.669444 0.012500 0.050000
2 0.263802 0.577778 0.008854 0.042593
2 0.562500 0.524537 0.008333 0.036111
2 0.508854 0.619444 0.009375 0.048148
2 0.409115 0.576852 0.008854 0.042593
2 0.461719 0.676389 0.011979 0.049074
2 0.240625 0.676852 0.008333 0.051852
3 0.435937 0.585648 0.009375 0.041667
2 0.325781 0.507407 0.007812 0.037037
3 0.923177 0.850000 0.019271 0.062963
2 0.287240 0.581481 0.009896 0.046296
2 0.522917 0.524074 0.013542 0.033333
2 0.757552 0.595370 0.008854 0.044444
2 0.583073 0.727315 0.018229 0.058333
2 0.314583 0.616204 0.010417 0.047222
2 0.278906 0.764352 0.017188 0.056481
2 0.125781 0.813889 0.018229 0.059259
2 0.431250 0.885648 0.017708 0.067593
0 0.713271 0.683218 0.004667 0.009028
3 0.343294 0.405995 0.007422 0.026806
