3 0.860008 0.904565 0.037724 0.086907
2 0.666146 0.345833 0.009375 0.036111
2 0.506771 0.371296 0.010417 0.035185
2 0.576562 0.307870 0.008333 0.034259
0 0.738542 0.844444 0.007292 0.012963
2 0.771078 0.540986 0.019240 0.056046
2 0.687240 0.443981 0.014063 0.041667
2 0.393750 0.355093 0.008333 0.039815
1 0.071615 0.414815 0.011979 0.042593
2 0.708854 0.406481 0.012500 0.040741
2 0.738802 0.437500 0.016146 0.045370
2 0.346875 0.456019 0.009375 0.047222
2 0.809555 0.757986 0.020151 0.071528
2 0.627604 0.341204 0.010417 0.034259
2 0.532552 0.428241 0.013021 0.045370
2 0.403385 0.575000 0.016146 0.057407
2 0.565885 0.440741 0.011979 0.042593
2 0.187240 0.584259 0.013021 0.053704
3 0.523438 0.493056 0.013542 0.049074
2 0.809375 0.798611 0.026042 0.078704
2 0.143229 0.565741 0.020833 0.057407
2 0.321875 0.526389 0.012500 0.052778
2 0.232031 0.749537 0.026562 0.062037
2 0.159115 0.678704 0.019271 0.059259
3 0.359115 0.279102 0.009896 0.028574
