2 0.616667 0.358796 0.010417 0.049074
2 0.608333 0.363426 0.008333 0.041667
2 0.539737 0.281616 0.011766 0.033602
3 0.991146 0.875926 0.017708 0.092593
2 0.362240 0.378241 0.009896 0.047222
2 0.530273 0.284106 0.008464 0.033028
2 0.710417 0.304630 0.008333 0.040741
2 0.383594 0.291667 0.008854 0.035185
2 0.701042 0.336574 0.008333 0.045370
2 0.507534 0.388185 0.019234 0.046741
2 0.392708 0.282870 0.007292 0.036111
2 0.364323 0.334722 0.010937 0.045370
2 0.668229 0.360648 0.008333 0.041667
2 0.823958 0.408333 0.010417 0.050000
2 0.559375 0.348148 0.013542 0.044444
2 0.418229 0.375000 0.011458 0.046296
2 0.304948 0.510648 0.015104 0.056481
3 0.464849 0.410185 0.013031 0.050000
2 0.705958 0.517088 0.014000 0.069361
2 0.282552 0.641204 0.015104 0.071296
2 0.526823 0.499537 0.013021 0.058333
0 0.540745 0.290528 0.004406 0.008833
2 0.615740 0.281407 0.011687 0.035037
1 0.054583 0.352380 0.011250 0.047352
3 0.427896 0.227796 0.011000 0.027815
