2 0.447917 0.400000 0.009375 0.035185
2 0.496724 0.383236 0.013240 0.036843
3 0.332552 0.357407 0.009896 0.033333
2 0.380469 0.413889 0.010937 0.035185
2 0.371094 0.412963 0.014063 0.037037
2 0.411198 0.373148 0.010937 0.033333
2 0.570833 0.400000 0.009375 0.038889
2 0.590625 0.403241 0.010417 0.039815
2 0.675000 0.435648 0.011458 0.047222
2 0.454948 0.420370 0.008854 0.040741
2 0.693229 0.431019 0.012500 0.043519
2 0.471875 0.420833 0.011458 0.043519
3 0.564323 0.441204 0.015104 0.049074
2 0.800260 0.537500 0.016146 0.062037
2 0.553906 0.473148 0.016146 0.051852
2 0.886458 0.612037 0.014583 0.070370
2 0.438802 0.531019 0.010937 0.060185
2 0.503385 0.477778 0.010937 0.055556
2 0.219010 0.468519 0.016146 0.055556
2 0.723437 0.488426 0.011458 0.060185
2 0.687500 0.750926 0.025000 0.087037
2 0.166667 0.606944 0.018750 0.076852
0 0.366406 0.418060 0.004687 0.010194
