2 0.623177 0.370370 0.009896 0.033333
2 0.631510 0.374074 0.007812 0.031481
2 0.440625 0.362963 0.010417 0.027778
2 0.418750 0.362500 0.016667 0.030556
2 0.504625 0.391986 0.012375 0.037676
2 0.335938 0.380556 0.012500 0.033333
2 0.552411 0.448009 0.013156 0.051574
2 0.465365 0.387963 0.010937 0.040741
2 0.489844 0.405093 0.010937 0.041667
2 0.837760 0.604167 0.019271 0.067593
1 0.079687 0.400926 0.008333 0.042593
2 0.767969 0.477315 0.013021 0.052778
2 0.732552 0.421296 0.008854 0.044444
2 0.290625 0.425926 0.011458 0.046296
2 0.705990 0.424537 0.013021 0.045370
2 0.789583 0.529630 0.015625 0.062963
2 0.382031 0.486574 0.014063 0.054630
2 0.228125 0.535185 0.016667 0.066667
2 0.693750 0.740741 0.023958 0.087037
0 0.356599 0.380329 0.004865 0.008806
3 0.392807 0.347130 0.007490 0.035000
3 0.554299 0.430032 0.015891 0.041546
