3 0.219792 0.362236 0.008333 0.035583
1 0.912240 0.441667 0.014063 0.042593
2 0.561458 0.426852 0.011458 0.038889
2 0.255469 0.417593 0.008854 0.040741
2 0.693229 0.466667 0.011458 0.046296
2 0.219792 0.636574 0.019792 0.063889
2 0.911979 0.587963 0.026042 0.066667
2 0.354687 0.403241 0.009375 0.037963
2 0.547396 0.454167 0.013542 0.045370
2 0.459115 0.566667 0.017188 0.059259
2 0.231250 0.501852 0.018750 0.051852
3 0.491927 0.480093 0.016146 0.049074
2 0.666146 0.486574 0.011458 0.054630
2 0.834896 0.635185 0.015625 0.064815
2 0.806510 0.664815 0.017188 0.074074
2 0.586979 0.564352 0.017708 0.060185
2 0.327604 0.496759 0.015625 0.047222
2 0.235677 0.644907 0.021354 0.063889
2 0.886458 0.552778 0.015625 0.059259
2 0.522917 0.687500 0.018750 0.078704
2 0.344271 0.643056 0.018750 0.073148
2 0.302865 0.563426 0.020313 0.060185
0 0.102607 0.591847 0.013547 0.022583
2 0.589128 0.542338 0.016797 0.062454
