2 0.595313 0.440278 0.007292 0.034259
2 0.432292 0.400926 0.006250 0.027778
2 0.418659 0.550773 0.015443 0.044139
2 0.640104 0.478704 0.009375 0.040741
2 0.659375 0.479167 0.009375 0.039815
2 0.639583 0.555556 0.011458 0.048148
2 0.457224 0.712583 0.025906 0.062204
2 0.353125 0.537963 0.010417 0.053704
2 0.227865 0.566204 0.014063 0.050926
1 0.022135 0.503241 0.009896 0.047222
3 0.457143 0.527787 0.013245 0.053722
2 0.682031 0.556019 0.011979 0.049074
2 0.267708 0.481019 0.011458 0.043519
2 0.396615 0.766204 0.025521 0.069444
2 0.683854 0.664815 0.015625 0.068519
2 0.310937 0.710648 0.015625 0.067593
2 0.524219 0.750926 0.022396 0.083333
2 0.666667 0.660648 0.015625 0.073148
2 0.488021 0.761111 0.018750 0.074074
2 0.172396 0.631944 0.020833 0.065741
2 0.415365 0.652778 0.017188 0.064815
3 0.833708 0.818194 0.023667 0.088241
2 0.356042 0.522537 0.012083 0.054333
3 0.353052 0.380537 0.006104 0.025889
0 0.406935 0.788153 0.007620 0.013343
