2 0.754279 0.311458 0.010641 0.054398
3 0.406510 0.262963 0.008854 0.044444
2 0.415625 0.310185 0.009375 0.050000
2 0.698177 0.314352 0.011979 0.052778
2 0.517969 0.300926 0.014063 0.048148
2 0.869010 0.444907 0.017188 0.078704
2 0.190885 0.340741 0.011979 0.055556
2 0.389323 0.319444 0.013021 0.059259
2 0.572656 0.314352 0.024479 0.047222
2 0.809635 0.361574 0.014063 0.062037
2 0.523958 0.341204 0.011458 0.060185
2 0.240885 0.430556 0.016146 0.077778
2 0.498177 0.331019 0.018229 0.047222
2 0.769010 0.363889 0.013021 0.066667
2 0.297917 0.357870 0.012500 0.067593
3 0.485156 0.390278 0.011979 0.067593
2 0.505208 0.383333 0.014583 0.064815
2 0.638021 0.379167 0.014583 0.065741
2 0.719010 0.584722 0.018229 0.097222
2 0.447656 0.670833 0.020313 0.106481
2 0.329427 0.417130 0.013021 0.073148
2 0.746615 0.490741 0.020313 0.090741
0 0.556927 0.182597 0.004479 0.009639
