3 0.383461 0.238546 0.012755 0.060426
2 0.743750 0.395370 0.018750 0.083333
2 0.755469 0.402778 0.022396 0.077778
2 0.462760 0.277315 0.016146 0.063889
2 0.515365 0.367130 0.015104 0.067593
2 0.492448 0.397222 0.020313 0.079630
2 0.426302 0.343519 0.027604 0.072222
2 0.382031 0.309259 0.017188 0.075926
2 0.826562 0.320370 0.022917 0.070370
2 0.795052 0.325926 0.021354 0.062963
2 0.605990 0.291204 0.015104 0.075000
2 0.437760 0.400000 0.022396 0.085185
2 0.257552 0.358796 0.019271 0.080556
2 0.281250 0.368981 0.017708 0.089815
2 0.314844 0.431019 0.017188 0.089815
2 0.296354 0.323611 0.020833 0.080556
3 0.504167 0.435648 0.020833 0.099074
2 0.739062 0.472685 0.022917 0.112037
2 0.134635 0.459259 0.019271 0.101852
2 0.899219 0.474537 0.025521 0.106481
2 0.221615 0.658796 0.024479 0.123148
2 0.745052 0.655093 0.038021 0.123148
0 0.748453 0.436583 0.007323 0.013907
