2 0.690104 0.425000 0.011458 0.050000
2 0.488021 0.364815 0.007292 0.038889
2 0.447917 0.544444 0.019792 0.061111
2 0.700781 0.452315 0.014063 0.043519
3 0.557813 0.521759 0.016667 0.063889
2 0.800742 0.657306 0.022318 0.079426
2 0.714844 0.469444 0.016146 0.050000
2 0.717461 0.646009 0.040130 0.062389
2 0.294792 0.466204 0.011458 0.056481
2 0.494010 0.675463 0.019271 0.087963
2 0.590625 0.667130 0.019792 0.080556
2 0.335677 0.576852 0.014063 0.070370
2 0.433073 0.662963 0.015104 0.087037
2 0.193602 0.662287 0.018453 0.094944
2 0.803125 0.763426 0.019792 0.097222
2 0.536198 0.592593 0.019271 0.068519
2 0.704688 0.757870 0.021875 0.087963
2 0.609896 0.682407 0.021875 0.087037
2 0.477344 0.702315 0.019271 0.091667
2 0.420573 0.547685 0.020313 0.071296
2 0.500000 0.862037 0.027083 0.109259
0 0.796508 0.659648 0.007599 0.013741
3 0.394979 0.326593 0.006625 0.032815
