2 0.599219 0.353241 0.009896 0.032407
1 0.966927 0.409259 0.016146 0.050000
2 0.370312 0.347222 0.009375 0.031481
2 0.419531 0.338889 0.006771 0.033333
3 0.173177 0.344907 0.006771 0.034259
2 0.399740 0.387963 0.008854 0.046296
2 0.548438 0.379167 0.008333 0.041667
2 0.507292 0.400463 0.009375 0.041667
2 0.949479 0.511111 0.014583 0.059259
2 0.602604 0.411574 0.010417 0.047222
2 0.493229 0.479167 0.010417 0.056481
2 0.765625 0.406019 0.010417 0.045370
2 0.747135 0.413889 0.011979 0.040741
2 0.475781 0.467593 0.009896 0.051852
2 0.163021 0.446759 0.011458 0.056481
2 0.260417 0.400926 0.010417 0.046296
2 0.146354 0.444907 0.011458 0.050926
3 0.517188 0.429630 0.012500 0.048148
2 0.644010 0.517593 0.021354 0.061111
2 0.186719 0.519444 0.013021 0.061111
2 0.370312 0.545833 0.015625 0.063889
2 0.343750 0.641204 0.022917 0.067593
2 0.803906 0.801389 0.025521 0.104630
0 0.852125 0.487204 0.006333 0.013296
