0 0.874740 0.660648 0.006771 0.013889
1 0.893490 0.429630 0.010937 0.044444
3 0.131510 0.366204 0.006771 0.030556
2 0.315365 0.369907 0.005729 0.030556
2 0.243750 0.380556 0.013542 0.035185
2 0.691146 0.427778 0.009375 0.044444
2 0.519792 0.378241 0.007292 0.032407
2 0.499479 0.410648 0.008333 0.041667
2 0.576823 0.472685 0.010937 0.045370
2 0.783854 0.575926 0.011458 0.068519
2 0.135937 0.484259 0.015625 0.051852
2 0.347656 0.430093 0.009896 0.045370
2 0.629948 0.456481 0.009896 0.048148
2 0.388021 0.448148 0.010417 0.046296
2 0.160938 0.451852 0.009375 0.046296
2 0.901021 0.563111 0.023917 0.065111
2 0.439583 0.533796 0.013542 0.058333
3 0.438542 0.485185 0.011458 0.053704
2 0.661458 0.691204 0.012500 0.071296
2 0.460156 0.655556 0.013021 0.070370
2 0.362240 0.526852 0.014063 0.057407
2 0.097917 0.521296 0.012500 0.061111
2 0.248438 0.639815 0.017708 0.077778
2 0.864583 0.725926 0.019792 0.085185
