2 0.560937 0.406944 0.009375 0.026852
3 0.324219 0.367130 0.007812 0.026852
2 0.534115 0.414815 0.009896 0.037037
2 0.581771 0.410648 0.007292 0.037963
2 0.497656 0.399074 0.008854 0.037037
2 0.559375 0.440278 0.009375 0.049074
2 0.430469 0.397222 0.008854 0.037037
2 0.703125 0.431481 0.008333 0.044444
1 0.008333 0.456944 0.008333 0.052778
2 0.304167 0.416667 0.008333 0.044444
2 0.407292 0.456019 0.013542 0.047222
2 0.675000 0.787963 0.021875 0.092593
2 0.514062 0.575926 0.013542 0.066667
2 0.479427 0.448611 0.008854 0.049074
2 0.913021 0.632407 0.015625 0.070370
2 0.616146 0.493056 0.016667 0.054630
2 0.681771 0.434259 0.013542 0.046296
3 0.591927 0.451852 0.009896 0.050000
2 0.820052 0.506481 0.017188 0.057407
2 0.531250 0.527778 0.011458 0.057407
2 0.217448 0.480556 0.010937 0.057407
2 0.849479 0.551852 0.013542 0.066667
2 0.109115 0.657407 0.024479 0.087037
0 0.557104 0.409227 0.003792 0.007343
