3 0.165885 0.382870 0.007812 0.026852
2 0.556250 0.435185 0.007292 0.038889
2 0.703646 0.445833 0.007292 0.039815
2 0.505729 0.399074 0.007292 0.033333
2 0.315104 0.389815 0.008333 0.031481
2 0.370833 0.450463 0.008333 0.039815
2 0.617969 0.492593 0.010937 0.046296
2 0.886979 0.527778 0.020833 0.051852
2 0.912240 0.540741 0.019271 0.050000
2 0.206771 0.413889 0.009375 0.037037
2 0.336979 0.577315 0.010417 0.060185
3 0.489844 0.505093 0.008854 0.049074
2 0.366146 0.501852 0.011458 0.050000
2 0.188802 0.512963 0.014063 0.048148
2 0.176302 0.488426 0.010937 0.049074
2 0.674479 0.531481 0.015625 0.051852
2 0.753385 0.626852 0.019271 0.062963
2 0.586979 0.718981 0.022917 0.078704
2 0.182812 0.559722 0.014583 0.065741
2 0.622656 0.543056 0.020313 0.052778
2 0.836458 0.646296 0.012500 0.068519
2 0.433854 0.687963 0.021875 0.074074
0 0.908771 0.524755 0.007125 0.012472
1 0.869818 0.457671 0.013594 0.044972
