2 0.583073 0.414352 0.006771 0.041667
2 0.519010 0.343519 0.007812 0.033333
2 0.781771 0.360648 0.014583 0.037963
3 0.932813 0.979167 0.021875 0.039815
2 0.549740 0.389352 0.008854 0.047222
3 0.407813 0.308333 0.009375 0.037037
2 0.547135 0.348148 0.010937 0.038889
2 0.389323 0.341204 0.010937 0.037963
2 0.481771 0.364815 0.010417 0.046296
2 0.793750 0.413889 0.009375 0.053704
2 0.498698 0.376852 0.007812 0.046296
2 0.188542 0.359259 0.011458 0.042593
2 0.753906 0.347685 0.008854 0.041667
2 0.784896 0.418056 0.012500 0.054630
2 0.577604 0.426852 0.011458 0.057407
1 0.117742 0.358458 0.018818 0.044694
3 0.489583 0.407407 0.012500 0.055556
2 0.813281 0.486574 0.011979 0.065741
2 0.358594 0.445370 0.010937 0.059259
2 0.280469 0.393519 0.018229 0.053704
2 0.794531 0.591667 0.020313 0.081481
2 0.257812 0.486111 0.014583 0.068519
2 0.767708 0.526852 0.019792 0.074074
2 0.654427 0.729167 0.025521 0.097222
0 0.338659 0.072940 0.004401 0.008843
