2 0.945573 0.554630 0.013021 0.053704
2 0.896615 0.513889 0.015104 0.048148
2 0.637286 0.508333 0.013115 0.044444
2 0.350260 0.466667 0.011979 0.038889
2 0.494792 0.412037 0.007292 0.031481
2 0.657292 0.444444 0.011458 0.038889
2 0.357812 0.562500 0.013542 0.054630
2 0.532292 0.439815 0.011458 0.037037
2 0.617969 0.471296 0.008854 0.038889
2 0.173958 0.425463 0.008333 0.036111
3 0.502083 0.483333 0.010417 0.044444
2 0.366406 0.576852 0.016146 0.050000
2 0.179948 0.539815 0.009896 0.050000
2 0.283073 0.400463 0.005729 0.030556
2 0.602865 0.536574 0.015104 0.050926
2 0.150781 0.506019 0.011979 0.050926
2 0.786719 0.610185 0.015104 0.062963
2 0.350521 0.679630 0.017708 0.074074
2 0.150000 0.579630 0.021875 0.061111
2 0.744271 0.618519 0.014583 0.059259
2 0.541146 0.649074 0.016667 0.066667
3 0.133849 0.385806 0.009365 0.034574
1 0.877448 0.471199 0.015312 0.042398
0 0.457669 0.433440 0.007005 0.013176
