0 0.745313 0.578704 0.009375 0.014815
3 0.280990 0.191667 0.007812 0.042593
2 0.321615 0.218981 0.009896 0.052778
2 0.606510 0.283333 0.010937 0.055556
2 0.345576 0.281944 0.026568 0.060185
2 0.665104 0.278704 0.013542 0.057407
2 0.249219 0.238889 0.010937 0.051852
2 0.179427 0.318519 0.018229 0.066667
2 0.930990 0.506481 0.019271 0.096296
2 0.645052 0.473611 0.014063 0.086111
2 0.582031 0.585185 0.020313 0.087037
2 0.342187 0.409259 0.019792 0.079630
2 0.336719 0.363889 0.018229 0.072222
2 0.842187 0.377778 0.017708 0.070370
2 0.571354 0.490278 0.020833 0.089815
2 0.155990 0.373148 0.017188 0.072222
2 0.485938 0.339352 0.016667 0.067593
3 0.403385 0.426852 0.021354 0.079630
2 0.640104 0.387500 0.023958 0.071296
2 0.299740 0.414815 0.016146 0.081481
2 0.097135 0.406019 0.021354 0.082407
2 0.644271 0.582870 0.038542 0.091667
2 0.198698 0.460185 0.035937 0.088889
