2 0.552083 0.188889 0.009375 0.031481
2 0.599219 0.189815 0.008854 0.040741
2 0.247281 0.226208 0.010187 0.045009
2 0.831250 0.361111 0.026042 0.051852
2 0.617448 0.204630 0.014063 0.042593
2 0.483594 0.198611 0.007812 0.041667
2 0.447135 0.197222 0.008854 0.048148
2 0.393229 0.237037 0.008333 0.042593
2 0.511198 0.242593 0.015104 0.035185
2 0.268750 0.268519 0.012500 0.048148
2 0.539583 0.241204 0.018750 0.045370
2 0.461458 0.228704 0.011458 0.042593
2 0.792969 0.315741 0.013021 0.057407
2 0.573438 0.316667 0.011458 0.051852
2 0.637760 0.408796 0.017188 0.063889
2 0.841146 0.379167 0.022917 0.060185
2 0.355469 0.326852 0.016146 0.057407
2 0.193490 0.438889 0.020313 0.066667
3 0.607292 0.290278 0.011458 0.052778
2 0.688281 0.324537 0.014063 0.054630
2 0.719010 0.690278 0.033854 0.093519
0 0.460865 0.245380 0.004021 0.007426
3 0.247039 0.191306 0.009703 0.043722
