3 0.145052 0.304630 0.008854 0.033333
2 0.576562 0.401852 0.010417 0.037037
1 0.750521 0.347685 0.012500 0.036111
2 0.564154 0.404681 0.012682 0.035287
2 0.612240 0.363426 0.009896 0.041667
2 0.593750 0.360648 0.009375 0.036111
3 0.601302 0.395833 0.008854 0.041667
2 0.640365 0.407870 0.009896 0.039815
2 0.187760 0.423611 0.008854 0.047222
2 0.515625 0.410185 0.010417 0.037037
2 0.729167 0.443981 0.010417 0.043519
2 0.318490 0.364815 0.010937 0.037037
2 0.457292 0.453241 0.011458 0.043519
2 0.752083 0.491667 0.009375 0.046296
3 0.974479 0.633333 0.017708 0.064815
2 0.406510 0.387037 0.008854 0.040741
2 0.681721 0.487731 0.010318 0.049537
2 0.561979 0.479630 0.011458 0.046296
2 0.213542 0.429630 0.010417 0.046296
2 0.290625 0.529167 0.013542 0.056481
2 0.490885 0.522685 0.009896 0.056481
2 0.319531 0.539815 0.014063 0.051852
2 0.575820 0.369519 0.009974 0.042741
