2 0.468211 0.352713 0.014547 0.036907
2 0.458333 0.293056 0.008333 0.034259
2 0.545573 0.281481 0.006771 0.029630
2 0.346354 0.309722 0.007292 0.037963
2 0.369271 0.373148 0.009375 0.033333
2 0.274740 0.392130 0.014063 0.045370
2 0.576562 0.315741 0.008333 0.040741
2 0.594271 0.356481 0.011458 0.038889
2 0.471060 0.427565 0.010870 0.045870
2 0.338542 0.306944 0.008333 0.039815
2 0.416146 0.338426 0.009375 0.036111
2 0.702344 0.417130 0.008854 0.049074
3 0.513802 0.361111 0.008854 0.042593
2 0.258073 0.408796 0.010937 0.050926
2 0.259896 0.337037 0.010417 0.038889
2 0.663542 0.357407 0.010417 0.044444
2 0.548177 0.326852 0.013021 0.038889
2 0.639323 0.349074 0.007812 0.040741
2 0.271094 0.475463 0.010937 0.056481
2 0.546615 0.397222 0.011979 0.042593
2 0.423958 0.517593 0.015625 0.057407
3 0.905729 0.799074 0.022917 0.083333
0 0.484068 0.354935 0.006677 0.013574
3 0.289128 0.242319 0.010547 0.038343
