2 0.580729 0.223611 0.009375 0.041667
2 0.495052 0.210185 0.009896 0.027778
2 0.390885 0.256944 0.006771 0.043519
2 0.478125 0.208333 0.008333 0.037037
2 0.571289 0.223329 0.008203 0.039250
2 0.587063 0.214708 0.014750 0.027565
2 0.288542 0.232407 0.007292 0.044444
3 0.272656 0.215741 0.008854 0.037037
2 0.269792 0.280556 0.008333 0.044444
2 0.498698 0.264815 0.007812 0.042593
2 0.453125 0.275463 0.008333 0.045370
2 0.823438 0.407407 0.012500 0.059259
2 0.576562 0.332407 0.011458 0.050000
2 0.359896 0.344444 0.010417 0.053704
2 0.757292 0.343519 0.011458 0.057407
2 0.211979 0.479167 0.017708 0.067593
2 0.796094 0.384722 0.011979 0.058333
3 0.632552 0.302778 0.010937 0.050000
2 0.623698 0.437500 0.016146 0.060185
2 0.296094 0.967130 0.022396 0.063889
2 0.715365 0.415278 0.015104 0.062037
2 0.672135 0.726389 0.022396 0.084259
0 0.521365 0.220995 0.005229 0.010509
2 0.572854 0.206954 0.007167 0.034278
