2 0.363021 0.360185 0.008333 0.031481
2 0.276302 0.366667 0.010937 0.033333
2 0.570052 0.407407 0.013021 0.029630
2 0.521615 0.302778 0.007812 0.025926
2 0.583073 0.426852 0.015104 0.038889
2 0.536268 0.568602 0.016286 0.050167
2 0.319271 0.354167 0.008333 0.032407
2 0.338021 0.395370 0.007292 0.029630
2 0.475521 0.348611 0.009375 0.028704
2 0.576302 0.339815 0.010937 0.029630
3 0.525000 0.386111 0.014583 0.037037
2 0.502604 0.310648 0.012500 0.026852
2 0.439227 0.464199 0.020120 0.048769
2 0.724479 0.567593 0.011458 0.051852
2 0.484635 0.440278 0.010937 0.039815
2 0.242188 0.463889 0.011458 0.046296
2 0.239844 0.387500 0.011979 0.037963
2 0.226302 0.448611 0.011979 0.041667
2 0.640365 0.411111 0.008854 0.035185
3 0.897135 0.694444 0.020313 0.062963
2 0.702083 0.464352 0.007292 0.043519
2 0.334169 0.322486 0.007922 0.032009
3 0.250987 0.299403 0.006141 0.030287
0 0.590388 0.443606 0.004734 0.007583
1 0.851034 0.367921 0.011443 0.037694
