1 0.826562 0.312963 0.012500 0.027778
2 0.443750 0.273148 0.006250 0.029630
2 0.283073 0.345370 0.006771 0.031481
2 0.617448 0.335648 0.009896 0.037963
2 0.306510 0.299537 0.006771 0.028704
2 0.280469 0.371296 0.008854 0.038889
2 0.445833 0.325463 0.006250 0.036111
1 0.014583 0.395833 0.010417 0.041667
2 0.696354 0.276389 0.008333 0.030556
2 0.790104 0.384259 0.009375 0.035185
2 0.570052 0.410185 0.008854 0.038889
2 0.758854 0.377778 0.009375 0.042593
2 0.256771 0.555556 0.011458 0.051852
2 0.465365 0.321759 0.008854 0.034259
2 0.235937 0.680093 0.012500 0.058333
3 0.370312 0.394907 0.009375 0.041667
2 0.617448 0.612963 0.020313 0.061111
2 0.645833 0.407870 0.013542 0.041667
2 0.256510 0.437500 0.007812 0.049074
2 0.319271 0.499537 0.011458 0.050926
2 0.548698 0.517593 0.011979 0.051852
2 0.332813 0.301389 0.007292 0.030556
3 0.311982 0.243102 0.006255 0.026944
0 0.787310 0.341347 0.003786 0.006769
