2 0.668232 0.316745 0.008339 0.044602
2 0.657813 0.312963 0.007292 0.035185
2 0.721734 0.352116 0.005969 0.037565
2 0.629687 0.320370 0.008333 0.037037
2 0.535937 0.278241 0.008333 0.032407
2 0.492708 0.264815 0.011458 0.029630
2 0.678125 0.361574 0.009375 0.047222
2 0.604167 0.323611 0.010417 0.034259
2 0.338833 0.335301 0.009958 0.042824
2 0.555208 0.343519 0.010417 0.042593
3 0.033333 0.301852 0.010417 0.038889
3 0.523438 0.331481 0.009375 0.042593
2 0.182812 0.387963 0.011458 0.050000
2 0.383854 0.466667 0.012500 0.057407
2 0.446875 0.384722 0.009375 0.047222
2 0.422396 0.469444 0.010417 0.055556
2 0.604138 0.266690 0.008276 0.033380
2 0.611904 0.269509 0.010266 0.031611
2 0.680068 0.350639 0.010135 0.040167
1 0.721240 0.318801 0.008104 0.043157
2 0.723948 0.342639 0.007271 0.038981
0 0.500831 0.273042 0.003745 0.007194
2 0.338010 0.316019 0.012479 0.039444
