3 0.248177 0.208333 0.006771 0.037037
2 0.429948 0.222685 0.008854 0.030556
2 0.310156 0.226852 0.011979 0.048148
2 0.609375 0.221296 0.008333 0.035185
2 0.743750 0.355093 0.015625 0.056481
2 0.491667 0.263889 0.008333 0.042593
2 0.361979 0.263889 0.008333 0.046296
2 0.654427 0.272222 0.008854 0.046296
2 0.602865 0.268056 0.009896 0.043519
2 0.435677 0.289352 0.011979 0.049074
3 0.626302 0.314352 0.009896 0.049074
2 0.570573 0.333796 0.010937 0.050926
2 0.271875 0.269907 0.009375 0.045370
2 0.332552 0.353704 0.013021 0.055556
2 0.592448 0.462500 0.013021 0.062037
2 0.777604 0.394444 0.011458 0.061111
2 0.795052 0.419444 0.015104 0.061111
2 0.157031 0.499074 0.014063 0.068519
2 0.577865 0.741667 0.020313 0.083333
2 0.671875 0.424074 0.014583 0.062963
2 0.466315 0.201532 0.008672 0.034546
2 0.594422 0.196843 0.008635 0.034426
