2 0.136719 0.450926 0.010937 0.038889
1 0.136198 0.337500 0.013021 0.036111
2 0.353385 0.299537 0.007812 0.030556
2 0.331771 0.401852 0.011458 0.044444
2 0.297917 0.334722 0.010417 0.037963
2 0.170891 0.460639 0.014698 0.047204
2 0.273177 0.455556 0.018229 0.046296
2 0.667448 0.314352 0.008854 0.036111
2 0.809115 0.342130 0.008854 0.041667
2 0.376042 0.389352 0.010417 0.043519
2 0.664844 0.397222 0.008854 0.037037
2 0.563542 0.490278 0.014583 0.041667
2 0.774479 0.415741 0.010417 0.046296
2 0.342708 0.444907 0.009375 0.045370
2 0.253906 0.507407 0.015104 0.050000
3 0.391667 0.445833 0.011458 0.047222
2 0.794531 0.535648 0.014063 0.050926
2 0.820833 0.357870 0.011458 0.041667
2 0.255990 0.447685 0.017188 0.047222
2 0.801042 0.459259 0.015625 0.055556
2 0.516927 0.537037 0.013021 0.059259
3 0.912500 0.859259 0.030208 0.083333
2 0.627503 0.286356 0.011255 0.030120
3 0.413104 0.213065 0.009542 0.029833
0 0.334893 0.516116 0.007286 0.013713
