1 0.718229 0.347685 0.011458 0.037963
2 0.639062 0.413426 0.013542 0.036111
2 0.611198 0.489352 0.009896 0.036111
2 0.486979 0.319444 0.007292 0.031481
2 0.203385 0.400000 0.009896 0.033333
2 0.505208 0.327315 0.009375 0.026852
2 0.313802 0.401389 0.007812 0.034259
2 0.595573 0.410648 0.009896 0.036111
2 0.219010 0.349074 0.006771 0.027778
2 0.230469 0.387500 0.008854 0.034259
2 0.637760 0.453704 0.015104 0.037037
2 0.156245 0.506569 0.008323 0.048324
2 0.747135 0.550926 0.008854 0.051852
2 0.308073 0.432407 0.008854 0.037037
3 0.518750 0.414352 0.008333 0.036111
2 0.481250 0.483333 0.011458 0.044444
2 0.421875 0.363889 0.010417 0.031481
2 0.147396 0.419907 0.011458 0.039815
2 0.501823 0.468981 0.015104 0.039815
3 0.866888 0.603074 0.017109 0.058000
0 0.452445 0.308824 0.005932 0.012093
2 0.567760 0.370676 0.011562 0.037648
2 0.611805 0.508287 0.020484 0.023981
3 0.151195 0.317380 0.010724 0.032907
2 0.161034 0.496463 0.009568 0.046630
