2 0.689323 0.383796 0.007812 0.043519
2 0.739062 0.346296 0.009375 0.042593
2 0.846354 0.419444 0.010417 0.048148
2 0.679427 0.318519 0.007812 0.038889
2 0.609635 0.303704 0.009896 0.040741
2 0.837500 0.425926 0.018750 0.050000
2 0.496094 0.318056 0.008854 0.041667
2 0.376042 0.343981 0.014583 0.047222
2 0.235156 0.294444 0.008854 0.038889
2 0.589063 0.288889 0.008333 0.042593
3 0.578385 0.368519 0.009896 0.044444
2 0.213281 0.310648 0.011979 0.041667
2 0.365365 0.368981 0.010937 0.047222
2 0.316406 0.441667 0.015104 0.057407
2 0.680469 0.425000 0.011979 0.057407
2 0.131250 0.365278 0.010417 0.047222
2 0.302604 0.455556 0.016667 0.059259
1 0.716859 0.295167 0.012885 0.044037
2 0.685914 0.304616 0.011411 0.048120
2 0.648539 0.324407 0.010620 0.046963
2 0.647927 0.303727 0.010437 0.046343
2 0.614398 0.287542 0.010047 0.043602
