2 0.476823 0.342593 0.008854 0.042593
1 0.756510 0.339352 0.011979 0.037963
2 0.481510 0.335648 0.008854 0.039815
3 0.104948 0.298148 0.010937 0.035185
2 0.124740 0.385648 0.008854 0.043519
2 0.388542 0.445833 0.013542 0.041667
2 0.160677 0.508333 0.010937 0.055556
3 0.421734 0.397819 0.009094 0.043787
2 0.530208 0.387963 0.016667 0.038889
2 0.284115 0.354167 0.007812 0.036111
2 0.589844 0.411111 0.016146 0.042593
2 0.150000 0.403704 0.011458 0.044444
2 0.244531 0.349537 0.007812 0.039815
2 0.284896 0.402778 0.009375 0.038889
2 0.541667 0.366204 0.012500 0.041667
2 0.572656 0.465278 0.007812 0.047222
2 0.659375 0.475000 0.010417 0.044444
2 0.473958 0.468056 0.008333 0.039815
2 0.488802 0.416667 0.011979 0.042593
2 0.186979 0.518981 0.010417 0.049074
2 0.756250 0.614352 0.013542 0.062037
2 0.380729 0.518056 0.010417 0.058333
3 0.882031 0.679167 0.017188 0.075000
0 0.390703 0.466611 0.005365 0.009148
2 0.417107 0.398829 0.011297 0.042102
