2 0.358073 0.359722 0.008854 0.037963
2 0.527083 0.256944 0.008333 0.028704
2 0.405729 0.262037 0.005208 0.025926
2 0.421615 0.247685 0.006771 0.026852
2 0.360445 0.339472 0.009432 0.041907
2 0.495076 0.277106 0.007859 0.028287
2 0.693490 0.261111 0.008854 0.029630
2 0.620052 0.289815 0.006771 0.033333
2 0.548438 0.452315 0.009375 0.043519
2 0.709635 0.350926 0.009896 0.040741
2 0.545052 0.347685 0.009896 0.036111
1 0.903125 0.330093 0.008333 0.036111
2 0.901823 0.424537 0.011979 0.043519
1 0.083594 0.363426 0.013021 0.039815
2 0.351042 0.448148 0.009375 0.044444
2 0.630990 0.330093 0.013021 0.037963
3 0.465885 0.344444 0.008854 0.038889
2 0.428646 0.411574 0.009375 0.045370
2 0.325781 0.628241 0.019271 0.058333
2 0.766667 0.590278 0.014583 0.062037
0 0.682870 0.273296 0.004281 0.007704
3 0.388242 0.227690 0.006693 0.027602
2 0.500154 0.295352 0.010724 0.031444
2 0.358409 0.318083 0.008484 0.030611
2 0.607086 0.229051 0.005839 0.024769
