2 0.358854 0.256019 0.007292 0.026852
2 0.346094 0.265278 0.007812 0.028704
2 0.448177 0.319718 0.006771 0.035731
2 0.453289 0.473458 0.010745 0.045065
2 0.294010 0.315741 0.006771 0.033333
2 0.276042 0.391667 0.008333 0.042593
2 0.452143 0.361134 0.009495 0.037083
1 0.811979 0.321759 0.009375 0.037963
2 0.328646 0.286574 0.008333 0.030556
2 0.801823 0.375926 0.008854 0.038889
2 0.591927 0.303241 0.007812 0.036111
2 0.283073 0.352778 0.008854 0.037037
2 0.651563 0.265741 0.007292 0.031481
2 0.281250 0.468056 0.009375 0.043519
2 0.342708 0.413889 0.008333 0.044444
1 0.022396 0.388889 0.014583 0.042593
2 0.556771 0.334722 0.008333 0.034259
2 0.835677 0.609259 0.016146 0.061111
3 0.392448 0.365741 0.007812 0.040741
2 0.302604 0.632407 0.015625 0.059259
2 0.631250 0.370370 0.007292 0.040741
0 0.792609 0.391028 0.005010 0.009833
2 0.502818 0.234213 0.006677 0.027685
2 0.440031 0.260796 0.007146 0.032704
3 0.316935 0.238500 0.007828 0.028852
