2 0.471615 0.368056 0.009896 0.037963
2 0.463542 0.272685 0.006250 0.030556
1 0.032552 0.363426 0.015104 0.043519
2 0.352865 0.287500 0.008854 0.034259
2 0.311198 0.362037 0.008854 0.042593
2 0.272917 0.467130 0.011458 0.045370
2 0.403385 0.630671 0.022396 0.052083
2 0.534896 0.325926 0.008333 0.040741
2 0.652083 0.362500 0.009375 0.045370
2 0.777865 0.490741 0.013021 0.055556
2 0.714063 0.671676 0.017708 0.067426
2 0.679068 0.514662 0.014385 0.051546
2 0.388281 0.273611 0.007812 0.034259
2 0.302344 0.361574 0.010937 0.043519
2 0.603646 0.510185 0.014583 0.050000
3 0.428646 0.406481 0.009375 0.044444
2 0.305990 0.494907 0.010937 0.047222
2 0.741146 0.301389 0.008333 0.037963
2 0.787240 0.705556 0.017188 0.068519
2 0.857552 0.470833 0.018229 0.052778
0 0.780461 0.728412 0.006755 0.014231
2 0.554297 0.230153 0.008594 0.034380
3 0.360797 0.214347 0.008052 0.032398
2 0.388266 0.616875 0.016115 0.057824
