3 0.338281 0.238889 0.008854 0.029630
2 0.233333 0.404630 0.010417 0.044444
2 0.420312 0.301389 0.007292 0.030556
2 0.600521 0.314352 0.009375 0.037963
2 0.660240 0.350801 0.012146 0.038639
2 0.431771 0.362500 0.009375 0.037963
2 0.233854 0.494444 0.012500 0.046296
2 0.672656 0.290741 0.007812 0.031481
2 0.621615 0.324074 0.013021 0.033333
2 0.540885 0.290741 0.009896 0.033333
2 0.694010 0.332407 0.008854 0.037037
2 0.422917 0.338889 0.012500 0.037037
2 0.392969 0.281481 0.009896 0.035185
2 0.794792 0.362037 0.010417 0.044444
3 0.604688 0.368056 0.008333 0.045370
2 0.696875 0.406481 0.013542 0.044444
2 0.475781 0.488426 0.011979 0.060185
2 0.225781 0.450000 0.013021 0.057407
2 0.272396 0.325000 0.010417 0.040741
2 0.358073 0.403704 0.009896 0.046296
2 0.775781 0.454630 0.009896 0.055556
2 0.396354 0.571759 0.018750 0.062037
