1 0.769516 0.312102 0.009865 0.029759
1 0.006510 0.402778 0.011979 0.040741
2 0.282396 0.365384 0.007500 0.038176
2 0.428992 0.317204 0.005901 0.032556
2 0.311198 0.292130 0.005729 0.028704
2 0.273438 0.398611 0.008333 0.041667
2 0.455990 0.269444 0.006771 0.027778
2 0.587240 0.314815 0.006771 0.035185
2 0.323698 0.293519 0.005729 0.029630
2 0.257031 0.511111 0.008854 0.048148
2 0.679427 0.263426 0.007812 0.028704
2 0.545052 0.377315 0.008854 0.037963
2 0.819010 0.400463 0.014063 0.039815
2 0.696094 0.360648 0.008854 0.037963
2 0.621875 0.381481 0.008333 0.038889
2 0.329427 0.466667 0.011979 0.048148
3 0.382031 0.375000 0.007812 0.038889
2 0.283594 0.663426 0.015104 0.056481
2 0.629687 0.610185 0.018750 0.059259
2 0.523698 0.507870 0.011979 0.050926
3 0.303865 0.244616 0.009813 0.035528
2 0.284135 0.350537 0.006812 0.038111
2 0.548086 0.236241 0.007630 0.029889
2 0.431398 0.301338 0.007589 0.034157
0 0.762302 0.323630 0.003771 0.008370
