2 0.587589 0.395032 0.011635 0.036361
2 0.308333 0.349074 0.011458 0.022222
2 0.487500 0.335185 0.008333 0.031481
2 0.311458 0.387500 0.007292 0.034259
2 0.459635 0.332870 0.009896 0.030556
2 0.588542 0.420833 0.010417 0.043519
1 0.693229 0.349074 0.007292 0.033333
2 0.177604 0.371759 0.006250 0.032407
2 0.519271 0.362037 0.007292 0.035185
2 0.324219 0.419444 0.008854 0.037037
2 0.532031 0.393981 0.006771 0.036111
2 0.286198 0.348148 0.006771 0.029630
2 0.403125 0.363426 0.008333 0.032407
3 0.841539 0.616130 0.015370 0.060037
2 0.458854 0.475926 0.008333 0.046296
2 0.192188 0.408796 0.009375 0.037963
2 0.726302 0.557870 0.015104 0.049074
2 0.483854 0.463889 0.008333 0.040741
2 0.172917 0.506019 0.011458 0.049074
2 0.601562 0.486111 0.011458 0.044444
3 0.449219 0.424537 0.011979 0.041667
2 0.626042 0.481481 0.009375 0.048148
0 0.320086 0.314736 0.004755 0.009102
2 0.172057 0.489986 0.010781 0.048491
3 0.155852 0.316653 0.008578 0.031454
