2 0.400000 0.306481 0.010417 0.038889
1 0.148698 0.325926 0.009896 0.038889
2 0.407904 0.511347 0.018932 0.057880
2 0.803125 0.341204 0.009375 0.036111
2 0.237500 0.443056 0.008333 0.049074
2 0.685677 0.299537 0.007812 0.032407
2 0.812240 0.352315 0.007812 0.041667
2 0.702083 0.406944 0.014583 0.043519
2 0.333073 0.319444 0.007812 0.038889
2 0.777604 0.595370 0.013542 0.061111
3 0.495312 0.450000 0.017708 0.042593
2 0.650521 0.455093 0.010417 0.054630
2 0.650000 0.316204 0.009375 0.037963
2 0.440885 0.510648 0.010937 0.049074
2 0.397135 0.384722 0.008854 0.045370
2 0.288281 0.407407 0.009896 0.048148
2 0.345052 0.611574 0.014063 0.063889
2 0.484115 0.491204 0.015104 0.049074
2 0.817187 0.465741 0.014583 0.053704
2 0.301042 0.597222 0.030208 0.053704
2 0.222656 0.474537 0.011979 0.056481
3 0.927083 0.849537 0.028125 0.087963
3 0.427208 0.205509 0.008583 0.031389
2 0.404125 0.498880 0.021792 0.049611
0 0.436151 0.543130 0.004594 0.010333
