2 0.495052 0.256944 0.005729 0.028704
2 0.255990 0.373611 0.007812 0.039815
2 0.410677 0.296296 0.006771 0.031481
2 0.263281 0.373148 0.008854 0.038889
2 0.438802 0.376389 0.007812 0.034259
2 0.286198 0.317130 0.006771 0.030556
2 0.730208 0.477778 0.011458 0.046296
1 0.005469 0.395370 0.009896 0.038889
2 0.467969 0.352778 0.009896 0.037037
2 0.808594 0.447222 0.009896 0.044444
2 0.322396 0.309722 0.007292 0.032407
2 0.241927 0.608333 0.014063 0.055556
2 0.592187 0.372222 0.008333 0.038889
3 0.967708 0.668056 0.020833 0.062037
2 0.570052 0.512500 0.010937 0.049074
3 0.355469 0.424074 0.007812 0.042593
2 0.613542 0.554167 0.012500 0.050926
2 0.270573 0.520370 0.010937 0.059259
2 0.288542 0.544444 0.011458 0.053704
2 0.695052 0.312963 0.007812 0.037037
2 0.682552 0.492593 0.010937 0.053704
2 0.589323 0.568056 0.011979 0.056481
2 0.161719 0.708796 0.019271 0.060185
3 0.305698 0.246829 0.007229 0.030694
1 0.919521 0.370458 0.014042 0.039065
0 0.805583 0.463741 0.004917 0.010815
