3 0.128927 0.298199 0.008896 0.033435
2 0.658279 0.569139 0.017599 0.041981
2 0.633073 0.375000 0.014063 0.040741
1 0.772135 0.342593 0.011979 0.038889
2 0.546094 0.366667 0.014063 0.044444
2 0.620833 0.375463 0.008333 0.043519
2 0.260156 0.363426 0.008854 0.039815
2 0.714844 0.490278 0.009896 0.047222
3 0.990078 0.646259 0.019740 0.072148
2 0.671615 0.556944 0.020313 0.058333
2 0.365885 0.419444 0.011979 0.046296
2 0.580729 0.347222 0.009375 0.038889
3 0.533594 0.397222 0.008854 0.046296
2 0.432812 0.469444 0.008333 0.051852
2 0.625260 0.458333 0.020313 0.044444
2 0.350000 0.374537 0.011458 0.043519
2 0.442708 0.550926 0.014583 0.059259
2 0.165104 0.400926 0.012500 0.046296
2 0.185156 0.409722 0.009896 0.047222
2 0.471094 0.402315 0.009896 0.043519
2 0.220573 0.526852 0.010937 0.059259
2 0.746615 0.468056 0.015104 0.050926
2 0.562760 0.503704 0.015104 0.050000
2 0.277604 0.537963 0.016667 0.053704
0 0.632826 0.553250 0.007318 0.012056
