1 0.119010 0.369444 0.009896 0.038889
2 0.460482 0.707616 0.024089 0.068935
2 0.670833 0.331019 0.007292 0.034259
2 0.512492 0.545111 0.018734 0.047630
2 0.419531 0.426389 0.013021 0.041667
2 0.427344 0.480556 0.013021 0.046296
2 0.369010 0.342593 0.010937 0.035185
2 0.508333 0.299537 0.006250 0.030556
2 0.192708 0.497685 0.009375 0.047222
2 0.184635 0.597685 0.019271 0.049074
2 0.662240 0.454167 0.011979 0.049074
3 0.541667 0.436574 0.008333 0.041667
2 0.734375 0.352778 0.009375 0.037037
2 0.594792 0.396296 0.010417 0.040741
2 0.357031 0.377315 0.007812 0.037963
2 0.722917 0.417130 0.014583 0.041667
2 0.673698 0.468519 0.013021 0.037037
2 0.596875 0.493056 0.015625 0.034259
2 0.266146 0.612963 0.017708 0.055556
2 0.773177 0.443981 0.018229 0.041667
2 0.521354 0.623611 0.025000 0.058333
3 0.866667 0.840741 0.026042 0.081481
2 0.112471 0.469778 0.013484 0.046963
3 0.355375 0.252278 0.007625 0.028630
