2 0.504427 0.249537 0.007812 0.026852
2 0.502344 0.450926 0.007812 0.044444
2 0.491927 0.288426 0.006771 0.026852
2 0.408594 0.244907 0.006771 0.026852
3 0.532552 0.738889 0.016146 0.081481
2 0.595833 0.289352 0.007292 0.036111
2 0.390365 0.256481 0.007812 0.025926
2 0.558854 0.306019 0.008333 0.036111
2 0.633333 0.358796 0.007292 0.037963
2 0.344010 0.312500 0.007812 0.034259
1 0.892969 0.334259 0.010937 0.037037
2 0.696615 0.279167 0.007812 0.032407
2 0.315365 0.435648 0.008854 0.043519
3 0.421615 0.348148 0.007812 0.038889
2 0.548698 0.352778 0.007812 0.038889
2 0.319010 0.369907 0.008854 0.041667
1 0.055208 0.366204 0.011458 0.043519
2 0.391406 0.399537 0.008854 0.043519
2 0.479687 0.347222 0.008333 0.037037
2 0.328125 0.354167 0.009375 0.037963
2 0.840365 0.402315 0.007812 0.045370
2 0.626823 0.703241 0.017188 0.069444
2 0.369531 0.539352 0.015104 0.050926
3 0.365201 0.225194 0.008526 0.035574
2 0.563312 0.229009 0.008917 0.035796
0 0.688562 0.294917 0.004208 0.008352
