2 0.686198 0.385648 0.008854 0.041667
2 0.680990 0.320833 0.006771 0.043519
2 0.594271 0.334259 0.012500 0.044444
2 0.640104 0.350926 0.008333 0.040741
2 0.725260 0.337963 0.008854 0.042593
3 0.021354 0.268981 0.010417 0.041667
2 0.271094 0.296759 0.008854 0.041667
2 0.711458 0.350000 0.011458 0.048148
2 0.743750 0.391667 0.010417 0.050000
2 0.652344 0.363426 0.009896 0.047222
2 0.523698 0.318519 0.011979 0.038889
2 0.390365 0.446759 0.009896 0.058333
3 0.592708 0.375000 0.010417 0.051852
2 0.254948 0.321759 0.007812 0.043519
2 0.497656 0.355556 0.009896 0.046296
2 0.680729 0.412963 0.014583 0.053704
2 0.179167 0.381944 0.011458 0.049074
2 0.380208 0.451389 0.011458 0.060185
2 0.458073 0.382407 0.009896 0.050000
1 0.731036 0.296542 0.012073 0.046787
0 0.563203 0.297653 0.005573 0.010120
2 0.582862 0.328912 0.015724 0.041157
2 0.606880 0.297532 0.011677 0.039509
2 0.616107 0.300199 0.013464 0.035583
