2 0.571354 0.329630 0.009375 0.029630
2 0.323833 0.377176 0.011208 0.043241
2 0.172594 0.491190 0.016021 0.050898
2 0.663021 0.340278 0.010417 0.036111
2 0.486198 0.400463 0.019271 0.036111
1 0.025000 0.399074 0.011458 0.042593
2 0.412487 0.314384 0.008307 0.036176
2 0.596094 0.422222 0.009896 0.046296
2 0.261979 0.638426 0.011458 0.054630
2 0.462099 0.429773 0.010656 0.039176
2 0.444271 0.537500 0.011458 0.052778
2 0.205729 0.501389 0.009375 0.050926
2 0.313542 0.387500 0.012500 0.036111
2 0.720909 0.420597 0.008484 0.043046
3 0.483854 0.445833 0.010417 0.049074
2 0.684896 0.644444 0.018750 0.066667
2 0.321094 0.612500 0.013021 0.054630
2 0.680208 0.466667 0.012500 0.046296
2 0.510156 0.496759 0.017188 0.050926
2 0.706250 0.571759 0.017708 0.060185
3 0.901563 0.790741 0.022917 0.072222
3 0.316711 0.264185 0.008422 0.028370
0 0.480146 0.389630 0.004042 0.007037
2 0.458607 0.416968 0.008880 0.035787
2 0.719471 0.406750 0.008734 0.041278
1 0.996802 0.402375 0.006104 0.041787
