2 0.664523 0.315259 0.017589 0.050889
3 0.065625 0.227315 0.011458 0.039815
2 0.531372 0.256856 0.014828 0.047046
0 0.579167 0.306481 0.007292 0.011111
2 0.440365 0.221296 0.010937 0.033333
2 0.495891 0.284111 0.016781 0.047852
2 0.369148 0.310588 0.015380 0.050806
2 0.522135 0.397222 0.016146 0.050000
2 0.259635 0.247222 0.008854 0.044444
1 0.877344 0.288426 0.011979 0.050926
2 0.221094 0.243981 0.008854 0.041667
3 0.481771 0.312963 0.011458 0.048148
2 0.225521 0.299074 0.009375 0.048148
2 0.463281 0.230556 0.016146 0.038889
2 0.540625 0.304630 0.014583 0.048148
2 0.147427 0.326458 0.015688 0.049213
2 0.060417 0.288889 0.011458 0.048148
2 0.422396 0.344907 0.017708 0.049074
2 0.675000 0.338889 0.012500 0.057407
2 0.232031 0.366667 0.013021 0.057407
2 0.725000 0.353704 0.013542 0.055556
2 0.298698 0.330093 0.019271 0.045370
2 0.083333 0.481944 0.021875 0.065741
2 0.802083 0.650000 0.030208 0.074074
