1 0.140885 0.398611 0.010937 0.037963
2 0.756510 0.389352 0.010937 0.043519
0 0.252604 0.590741 0.006250 0.009259
2 0.318750 0.358333 0.009375 0.037037
2 0.438802 0.416667 0.010937 0.044444
2 0.613021 0.371759 0.008333 0.037963
2 0.835156 0.473611 0.013021 0.052778
2 0.363802 0.387963 0.009896 0.044444
3 0.562760 0.426852 0.009896 0.042593
2 0.678646 0.439815 0.009375 0.050000
2 0.370833 0.489352 0.015625 0.052778
2 0.533854 0.386574 0.008333 0.041667
2 0.772917 0.480093 0.012500 0.056481
2 0.864583 0.534722 0.012500 0.063889
2 0.438542 0.534259 0.016667 0.055556
2 0.717708 0.613426 0.017708 0.069444
2 0.211719 0.545370 0.013021 0.057407
2 0.844271 0.495833 0.015625 0.058333
2 0.590625 0.524074 0.011458 0.061111
2 0.622135 0.590278 0.010937 0.069444
2 0.379167 0.620370 0.016667 0.070370
2 0.336979 0.643519 0.015625 0.070370
3 0.951823 0.766204 0.029687 0.089815
2 0.521159 0.316236 0.008984 0.030620
3 0.417557 0.299935 0.008031 0.027648
