2 0.459625 0.480250 0.032792 0.058648
2 0.403906 0.300463 0.010937 0.047222
1 0.005469 0.330093 0.010937 0.056481
2 0.476302 0.335185 0.014063 0.044444
2 0.721354 0.461111 0.014583 0.066667
2 0.587760 0.412037 0.013021 0.062963
2 0.767188 0.344444 0.011458 0.057407
3 0.444271 0.417130 0.010417 0.060185
2 0.482031 0.456019 0.014063 0.069444
2 0.492188 0.350926 0.017708 0.050000
2 0.795052 0.367593 0.015104 0.062963
2 0.732292 0.470370 0.012500 0.077778
2 0.566406 0.377315 0.015104 0.060185
2 0.823698 0.378704 0.015104 0.062963
2 0.238281 0.354167 0.015104 0.058333
2 0.501563 0.486111 0.016667 0.062963
2 0.353125 0.412963 0.021875 0.050000
2 0.296094 0.520370 0.014063 0.081481
2 0.187240 0.424074 0.016146 0.066667
2 0.104948 0.379630 0.020313 0.062963
2 0.583594 0.527315 0.019271 0.075000
0 0.433221 0.437051 0.006026 0.012991
2 0.462297 0.475046 0.017302 0.063056
3 0.397896 0.217801 0.011417 0.039306
