2 0.514844 0.258796 0.007812 0.036111
2 0.522656 0.283796 0.007812 0.037963
2 0.577982 0.271412 0.011172 0.039120
2 0.598437 0.274537 0.010417 0.036111
2 0.374617 0.301389 0.008609 0.043519
2 0.547917 0.244907 0.010417 0.034259
2 0.337240 0.267593 0.008854 0.038889
2 0.617448 0.298611 0.009896 0.045370
2 0.538542 0.323611 0.008333 0.037963
3 0.553125 0.303704 0.009375 0.044444
2 0.386719 0.325463 0.008854 0.045370
2 0.525521 0.368519 0.010417 0.050000
2 0.202865 0.312963 0.013021 0.044444
2 0.343490 0.362037 0.013021 0.050000
2 0.701042 0.317130 0.014583 0.047222
1 0.915365 0.311574 0.010937 0.047222
2 0.667969 0.337500 0.015104 0.049074
2 0.901563 0.578241 0.013542 0.086111
2 0.754724 0.449856 0.016740 0.055269
2 0.446875 0.532870 0.015625 0.091667
2 0.209896 0.434259 0.014583 0.061111
3 0.244081 0.247046 0.011078 0.034833
0 0.273206 0.306639 0.004745 0.009574
2 0.380734 0.270968 0.009385 0.040083
