2 0.680208 0.337500 0.011458 0.039815
2 0.422135 0.294907 0.009896 0.037963
2 0.652083 0.389815 0.014583 0.051852
2 0.654427 0.309722 0.010937 0.036111
2 0.693490 0.366667 0.017188 0.051852
0 0.260417 0.580093 0.007292 0.012037
2 0.815365 0.412500 0.015104 0.058333
2 0.480208 0.322222 0.013542 0.044444
2 0.531250 0.338426 0.007292 0.047222
3 0.576042 0.389815 0.009375 0.051852
2 0.806771 0.441204 0.011458 0.056481
2 0.843229 0.498611 0.021875 0.058333
2 0.660677 0.472222 0.011979 0.059259
2 0.610938 0.259259 0.007292 0.035185
2 0.319531 0.346296 0.010937 0.050000
2 0.518229 0.475926 0.014583 0.068519
2 0.466667 0.488426 0.016667 0.062037
1 0.973177 0.342130 0.019271 0.049074
2 0.169271 0.520833 0.018750 0.067593
2 0.539844 0.553704 0.014063 0.079630
2 0.777604 0.465741 0.009375 0.062963
2 0.429427 0.625926 0.019271 0.083333
3 0.303932 0.254204 0.008906 0.036185
