2 0.837945 0.409106 0.018599 0.064509
1 0.004687 0.333796 0.009375 0.054630
2 0.427344 0.283796 0.014063 0.037963
2 0.809115 0.426852 0.019271 0.064815
3 0.602604 0.377778 0.020833 0.059259
2 0.410417 0.322685 0.012500 0.052778
2 0.818750 0.442130 0.020833 0.065741
2 0.387760 0.350000 0.017188 0.055556
2 0.392188 0.382870 0.013542 0.060185
2 0.616927 0.318056 0.010937 0.054630
2 0.695833 0.292593 0.009375 0.050000
2 0.562138 0.406213 0.015943 0.062426
2 0.820143 0.341667 0.014245 0.053704
2 0.558594 0.344444 0.015104 0.055556
2 0.186979 0.378704 0.012500 0.061111
2 0.832812 0.354167 0.013542 0.058333
2 0.542708 0.402315 0.018750 0.063889
2 0.415104 0.377778 0.019792 0.053704
2 0.229687 0.432870 0.025000 0.062037
2 0.544792 0.539815 0.023958 0.077778
2 0.721354 0.510185 0.026042 0.072222
2 0.287240 0.351852 0.018229 0.051852
0 0.454813 0.300731 0.005458 0.010722
3 0.396339 0.222370 0.011427 0.039185
