2 0.446094 0.344907 0.011979 0.041667
2 0.815885 0.343519 0.008854 0.038889
2 0.338281 0.285185 0.015104 0.031481
2 0.785677 0.318981 0.009896 0.045370
2 0.343229 0.312963 0.009375 0.042593
2 0.815625 0.383333 0.010417 0.057407
2 0.464062 0.266204 0.008333 0.036111
2 0.445833 0.363889 0.012500 0.061111
2 0.489583 0.299537 0.008333 0.047222
2 0.473958 0.280556 0.009375 0.040741
2 0.730469 0.295370 0.007812 0.038889
2 0.804688 0.365741 0.012500 0.061111
1 0.095052 0.344444 0.010937 0.051852
2 0.503385 0.308333 0.007812 0.048148
3 0.608594 0.349074 0.009896 0.051852
2 0.626823 0.383333 0.010937 0.050000
2 0.861979 0.536111 0.015625 0.075926
2 0.126823 0.418519 0.011979 0.061111
2 0.710938 0.367593 0.011458 0.055556
3 0.927604 0.883333 0.028125 0.129630
2 0.352604 0.600000 0.023958 0.111111
2 0.845833 0.763426 0.023958 0.112037
3 0.365112 0.257477 0.009391 0.039028
