2 0.615625 0.418519 0.011458 0.042593
2 0.513542 0.389815 0.009375 0.040741
2 0.306771 0.384259 0.011458 0.038889
2 0.630208 0.400000 0.011458 0.040741
2 0.711458 0.381019 0.007292 0.043519
3 0.503906 0.408796 0.010937 0.041667
1 0.152604 0.382870 0.013542 0.041667
2 0.405469 0.411111 0.010937 0.042593
2 0.595833 0.513889 0.011458 0.061111
2 0.775781 0.442593 0.009896 0.050000
2 0.229167 0.464815 0.009375 0.050000
2 0.314844 0.425926 0.008854 0.048148
2 0.731250 0.480093 0.010417 0.056481
2 0.745052 0.476852 0.010937 0.055556
2 0.545312 0.457870 0.011458 0.049074
2 0.502344 0.469907 0.013021 0.049074
2 0.573438 0.727315 0.020833 0.078704
2 0.228385 0.513889 0.010937 0.055556
3 0.960331 0.741204 0.024828 0.086111
2 0.706771 0.573611 0.017708 0.065741
2 0.345313 0.537037 0.010417 0.053704
2 0.633854 0.718981 0.017708 0.087963
2 0.478125 0.618056 0.016667 0.067593
2 0.604708 0.507602 0.014625 0.035574
2 0.545307 0.320898 0.009365 0.032537
3 0.410635 0.299713 0.005646 0.025352
0 0.306708 0.401079 0.005083 0.007713
