2 0.552344 0.284722 0.010937 0.039815
3 0.587240 0.321296 0.013021 0.046296
2 0.744271 0.297222 0.012500 0.038889
2 0.629167 0.264352 0.011458 0.032407
2 0.433854 0.275463 0.008333 0.039815
2 0.647396 0.328241 0.008333 0.039815
2 0.465625 0.256481 0.009375 0.035185
2 0.684635 0.301389 0.009896 0.041667
2 0.438802 0.301389 0.014063 0.037963
2 0.500521 0.272222 0.011458 0.037037
2 0.520573 0.279630 0.009896 0.040741
2 0.783333 0.309259 0.015625 0.048148
1 0.122396 0.301852 0.010417 0.044444
3 0.991927 0.829167 0.016146 0.099074
2 0.815104 0.313426 0.011458 0.049074
2 0.272917 0.291667 0.010417 0.044444
2 0.820573 0.358796 0.011979 0.050926
2 0.518229 0.353241 0.008333 0.052778
2 0.268490 0.350463 0.013021 0.050926
2 0.592448 0.376852 0.014063 0.057407
2 0.650260 0.397685 0.015104 0.049074
2 0.323958 0.452315 0.013542 0.065741
3 0.365102 0.235694 0.009370 0.036204
0 0.434094 0.317134 0.005687 0.012046
2 0.646372 0.270690 0.010453 0.039528
