2 0.799740 0.384259 0.008854 0.038889
2 0.356771 0.343519 0.007292 0.033333
2 0.387760 0.376389 0.011979 0.039815
2 0.828646 0.449074 0.012500 0.048148
3 0.563021 0.411574 0.009375 0.045370
2 0.502865 0.387037 0.008854 0.040741
2 0.680729 0.398611 0.008333 0.041667
2 0.856224 0.511329 0.014531 0.061546
2 0.542448 0.363889 0.007812 0.038889
2 0.804688 0.447222 0.010417 0.046296
2 0.405469 0.488426 0.011979 0.049074
2 0.645833 0.365278 0.007292 0.037963
2 0.204687 0.472222 0.013542 0.051852
2 0.837760 0.517130 0.018229 0.060185
2 0.603646 0.468981 0.013542 0.052778
2 0.432031 0.435185 0.008854 0.046296
2 0.316406 0.634722 0.017188 0.067593
2 0.364583 0.519444 0.019792 0.055556
3 0.907031 0.770833 0.028646 0.093519
2 0.716406 0.575463 0.013021 0.065741
2 0.636719 0.549074 0.008854 0.064815
1 0.201685 0.382532 0.010661 0.042843
0 0.208768 0.494657 0.005036 0.009685
3 0.435828 0.297097 0.007073 0.027528
2 0.547396 0.315296 0.008333 0.030593
