2 0.444362 0.262273 0.015807 0.043065
0 0.269271 0.629167 0.010417 0.013889
2 0.742969 0.269444 0.009896 0.042593
2 0.414844 0.268519 0.014063 0.038889
3 0.461336 0.375926 0.020589 0.059259
2 0.340625 0.337500 0.023958 0.050926
2 0.249219 0.446759 0.027604 0.062037
2 0.388021 0.325463 0.019792 0.054630
2 0.773396 0.298611 0.013458 0.049074
2 0.699740 0.335648 0.009896 0.052778
2 0.376563 0.388889 0.017708 0.051852
2 0.361768 0.368981 0.016245 0.060185
2 0.709115 0.278704 0.014063 0.046296
2 0.529167 0.314815 0.014583 0.050000
2 0.246875 0.493519 0.029167 0.072222
2 0.502099 0.423148 0.019823 0.068519
2 0.392188 0.389352 0.019792 0.060185
2 0.633594 0.393981 0.021354 0.067593
2 0.283333 0.358333 0.020833 0.057407
2 0.805729 0.375926 0.014583 0.064815
2 0.570312 0.491204 0.013542 0.063889
2 0.219792 0.692130 0.045833 0.095370
3 0.381104 0.225481 0.015333 0.039852
