2 0.555667 0.284870 0.012375 0.030852
2 0.546875 0.300000 0.009375 0.033333
2 0.703906 0.310648 0.008854 0.037963
1 0.958073 0.344907 0.010937 0.036111
2 0.731771 0.368981 0.011458 0.039815
2 0.697656 0.350463 0.010937 0.043519
2 0.720833 0.325926 0.009375 0.042593
3 0.589844 0.329167 0.007812 0.041667
2 0.606771 0.344444 0.012500 0.044444
2 0.464844 0.359259 0.008854 0.046296
2 0.430729 0.313426 0.013542 0.036111
2 0.327865 0.366204 0.009896 0.050926
2 0.807292 0.387500 0.009375 0.047222
2 0.764323 0.350926 0.008854 0.048148
2 0.626302 0.375463 0.009896 0.049074
2 0.278646 0.401852 0.013542 0.057407
2 0.365365 0.437500 0.011979 0.056481
2 0.301302 0.447685 0.010937 0.056481
2 0.789062 0.456481 0.013542 0.057407
2 0.564063 0.412500 0.012500 0.052778
2 0.643229 0.505556 0.017708 0.061111
2 0.364844 0.756944 0.022396 0.100926
2 0.335677 0.765278 0.021354 0.102778
3 0.299974 0.278657 0.009323 0.040648
2 0.696068 0.321769 0.010885 0.037981
