2 0.332031 0.263426 0.009896 0.034259
2 0.559635 0.270370 0.009896 0.035185
2 0.552083 0.312963 0.008333 0.040741
2 0.506510 0.283333 0.008854 0.042593
2 0.520312 0.368981 0.010417 0.041667
2 0.303906 0.330093 0.009896 0.039815
2 0.423698 0.284259 0.008854 0.042593
2 0.494010 0.306944 0.011979 0.047222
2 0.565625 0.254630 0.007292 0.035185
2 0.603125 0.287500 0.008333 0.039815
2 0.381250 0.387500 0.011458 0.045370
2 0.358854 0.355093 0.008333 0.050926
1 0.925521 0.321759 0.013542 0.049074
2 0.638542 0.317130 0.011458 0.045370
2 0.684115 0.324537 0.010937 0.050926
2 0.536719 0.416204 0.008854 0.060185
2 0.255729 0.333333 0.013542 0.050000
2 0.641406 0.387037 0.013021 0.057407
2 0.730208 0.476852 0.015625 0.064815
2 0.181510 0.453704 0.013021 0.066667
2 0.874740 0.617130 0.016146 0.091667
3 0.904687 0.684259 0.022917 0.096296
2 0.398698 0.602315 0.021354 0.087963
0 0.261031 0.354579 0.004354 0.009157
3 0.281536 0.242106 0.008906 0.037917
