2 0.464583 0.268981 0.010417 0.028704
2 0.652013 0.280148 0.008193 0.036222
2 0.807813 0.295833 0.009375 0.039815
2 0.791667 0.303241 0.012500 0.045370
2 0.544531 0.289352 0.010937 0.043519
2 0.507552 0.286111 0.008854 0.040741
2 0.774479 0.332407 0.014583 0.053704
1 0.080990 0.315741 0.009896 0.050000
2 0.570833 0.280556 0.013542 0.037037
3 0.540104 0.338889 0.009375 0.050000
2 0.819531 0.329630 0.013021 0.053704
2 0.457552 0.300000 0.009896 0.048148
2 0.601823 0.335185 0.010937 0.046296
2 0.371875 0.298148 0.011458 0.042593
2 0.320052 0.301389 0.008854 0.045370
2 0.571094 0.343981 0.014063 0.052778
2 0.848958 0.388426 0.013542 0.062037
2 0.281250 0.347222 0.014583 0.050000
2 0.731250 0.437500 0.013542 0.063889
2 0.258594 0.400463 0.018229 0.056481
2 0.485938 0.348611 0.010417 0.054630
3 0.388258 0.245468 0.010891 0.037231
0 0.451229 0.283764 0.004542 0.008269
2 0.656000 0.277440 0.008875 0.036361
