2 0.580469 0.247222 0.008854 0.038889
2 0.713021 0.335648 0.016667 0.050926
2 0.656771 0.290278 0.010417 0.043519
2 0.351562 0.287037 0.010417 0.042593
2 0.317708 0.359259 0.012500 0.050000
3 0.559896 0.353704 0.014583 0.053704
2 0.453906 0.306944 0.010937 0.049074
2 0.735938 0.366204 0.015625 0.056481
2 0.700521 0.349074 0.015625 0.055556
2 0.576562 0.350926 0.010417 0.051852
2 0.492448 0.314352 0.017188 0.047222
2 0.600781 0.368519 0.015104 0.055556
2 0.665104 0.454630 0.029167 0.051852
2 0.752604 0.523611 0.014583 0.069444
2 0.796875 0.479630 0.016667 0.070370
2 0.330469 0.420833 0.014063 0.062037
2 0.523438 0.550926 0.022917 0.066667
2 0.221875 0.332870 0.014583 0.054630
2 0.830469 0.542130 0.020313 0.073148
2 0.441406 0.600926 0.023438 0.085185
2 0.133594 0.515278 0.018229 0.075000
3 0.278372 0.237977 0.010911 0.038917
0 0.429643 0.606889 0.009286 0.017481
