2 0.442297 0.270449 0.009594 0.039046
2 0.522135 0.284722 0.008854 0.041667
2 0.574219 0.300000 0.009896 0.048148
2 0.299479 0.322222 0.013542 0.051852
3 0.508594 0.300926 0.010937 0.046296
2 0.292448 0.275000 0.010937 0.046296
2 0.539583 0.341204 0.009375 0.047222
2 0.454167 0.293519 0.009375 0.051852
2 0.339844 0.280556 0.009896 0.040741
2 0.651042 0.343519 0.008333 0.055556
2 0.639583 0.340741 0.012500 0.055556
1 0.888281 0.327778 0.008854 0.055556
2 0.529687 0.390741 0.014583 0.061111
2 0.184375 0.340278 0.010417 0.056481
2 0.364323 0.356944 0.011979 0.056481
2 0.474219 0.511111 0.017188 0.079630
2 0.594271 0.362037 0.011458 0.059259
2 0.232552 0.449537 0.015104 0.071296
2 0.706771 0.407407 0.012500 0.062963
2 0.844271 0.652778 0.026042 0.094444
0 0.289250 0.309606 0.005583 0.011806
2 0.506781 0.287745 0.011479 0.051417
2 0.447180 0.261750 0.011026 0.038315
3 0.166422 0.268773 0.008885 0.044954
