2 0.562760 0.429630 0.009896 0.042593
2 0.558594 0.323148 0.011979 0.040741
2 0.639583 0.356019 0.010417 0.045370
2 0.532031 0.293056 0.009896 0.037963
1 0.872396 0.325926 0.011458 0.044444
2 0.536979 0.400463 0.015625 0.056481
2 0.646615 0.433333 0.016146 0.051852
2 0.648438 0.381481 0.012500 0.057407
3 0.475260 0.395370 0.013021 0.046296
2 0.260417 0.326389 0.012500 0.045370
2 0.438021 0.371296 0.011458 0.051852
2 0.565885 0.468981 0.014063 0.054630
2 0.404167 0.373611 0.017708 0.049074
2 0.658333 0.443056 0.010417 0.060185
2 0.680729 0.400000 0.016667 0.055556
2 0.471875 0.457407 0.015625 0.055556
2 0.562240 0.525463 0.016146 0.063889
2 0.458073 0.500926 0.013021 0.055556
3 0.880208 0.618981 0.020833 0.080556
2 0.240104 0.397222 0.015625 0.053704
2 0.366406 0.540741 0.017188 0.070370
2 0.325781 0.526389 0.026562 0.065741
2 0.173177 0.511111 0.022396 0.066667
3 0.255818 0.257653 0.009552 0.030120
0 0.350724 0.557282 0.007698 0.014565
