3 0.217188 0.229630 0.009375 0.046296
2 0.337500 0.283333 0.017708 0.040741
2 0.308073 0.280556 0.013021 0.044444
2 0.460677 0.232870 0.011979 0.041667
2 0.599479 0.243981 0.009375 0.045370
2 0.362500 0.239815 0.015625 0.038889
2 0.545833 0.268519 0.013542 0.048148
2 0.623958 0.243519 0.013542 0.042593
2 0.769531 0.401389 0.018229 0.062037
2 0.355469 0.280556 0.011979 0.048148
2 0.672396 0.296759 0.009375 0.056481
2 0.580729 0.259259 0.010417 0.050000
3 0.419792 0.319907 0.013542 0.056481
2 0.327865 0.314815 0.015104 0.050000
2 0.520052 0.285185 0.014063 0.050000
2 0.179167 0.377315 0.020833 0.056481
2 0.455990 0.302778 0.015104 0.053704
2 0.437500 0.313889 0.013542 0.053704
2 0.274479 0.427778 0.025000 0.068519
2 0.251042 0.443519 0.022917 0.066667
2 0.320109 0.277028 0.016260 0.041093
2 0.330398 0.266019 0.011839 0.041296
