2 0.498177 0.306019 0.014063 0.045370
2 0.198177 0.429167 0.015104 0.060185
3 0.251555 0.224505 0.012484 0.043454
2 0.198437 0.377315 0.014583 0.049074
2 0.508594 0.326389 0.013021 0.047222
0 0.621875 0.424537 0.006250 0.012037
2 0.352083 0.253241 0.013542 0.037963
2 0.650781 0.249074 0.008854 0.046296
2 0.454167 0.236574 0.014583 0.039815
2 0.529427 0.290741 0.010937 0.051852
2 0.623177 0.252315 0.009896 0.045370
3 0.452865 0.338889 0.014063 0.053704
2 0.242448 0.296296 0.014063 0.051852
2 0.346875 0.304167 0.012500 0.054630
2 0.361979 0.335648 0.013542 0.047222
2 0.662240 0.269907 0.011979 0.049074
2 0.728125 0.318981 0.013542 0.060185
2 0.308594 0.318056 0.015104 0.054630
2 0.596615 0.332870 0.014063 0.052778
2 0.417187 0.343519 0.017708 0.055556
2 0.699740 0.439352 0.022396 0.069444
2 0.223177 0.525000 0.019271 0.072222
2 0.439154 0.297532 0.014766 0.052472
