3 0.341146 0.252315 0.010417 0.047222
2 0.447917 0.266204 0.012500 0.041667
2 0.842448 0.351852 0.008854 0.059259
2 0.810937 0.323611 0.009375 0.052778
2 0.701823 0.301389 0.009896 0.047222
2 0.839583 0.313889 0.013542 0.050000
2 0.515365 0.306019 0.008854 0.050926
2 0.473958 0.283333 0.011458 0.044444
2 0.302865 0.286111 0.007812 0.050000
2 0.890104 0.575926 0.018750 0.092593
2 0.375000 0.341204 0.014583 0.058333
2 0.849479 0.398148 0.011458 0.066667
2 0.733073 0.381944 0.016146 0.063889
2 0.572917 0.317593 0.010417 0.051852
2 0.824740 0.352778 0.013021 0.068519
1 0.045312 0.352778 0.015625 0.061111
2 0.658073 0.395370 0.014063 0.055556
2 0.390365 0.374074 0.013021 0.061111
3 0.674479 0.359259 0.014583 0.057407
2 0.377865 0.406481 0.013021 0.066667
2 0.092188 0.418056 0.021875 0.067593
3 0.982552 0.944444 0.029687 0.109259
2 0.184115 0.684722 0.030729 0.104630
2 0.817969 0.738426 0.024479 0.113889
0 0.430646 0.284556 0.005042 0.009852
