2 0.785156 0.298148 0.009896 0.042593
3 0.383073 0.257407 0.007812 0.037037
2 0.787760 0.333796 0.009896 0.045370
1 0.150260 0.355556 0.010937 0.048148
2 0.365625 0.290278 0.010417 0.036111
2 0.746094 0.316204 0.009896 0.041667
2 0.542448 0.310648 0.008854 0.043519
2 0.365625 0.325926 0.008333 0.046296
2 0.558073 0.332870 0.011979 0.047222
2 0.504167 0.275926 0.007292 0.037037
2 0.517969 0.294907 0.009896 0.041667
2 0.649479 0.413426 0.009375 0.052778
2 0.848958 0.410648 0.012500 0.058333
2 0.839063 0.378704 0.012500 0.059259
3 0.619531 0.368981 0.010937 0.050926
2 0.826042 0.382870 0.014583 0.060185
2 0.697135 0.377778 0.011979 0.055556
2 0.134115 0.437500 0.010937 0.065741
2 0.433854 0.359259 0.010417 0.051852
2 0.869531 0.562963 0.026562 0.079630
2 0.467187 0.408333 0.010417 0.059259
2 0.912240 0.817593 0.021354 0.114815
3 0.969271 0.871759 0.027083 0.128704
2 0.385417 0.604167 0.019792 0.087963
0 0.149047 0.391977 0.006427 0.011731
