2 0.262240 0.303704 0.008854 0.038889
2 0.555469 0.305556 0.009896 0.038889
3 0.893357 0.613028 0.022130 0.079759
2 0.524219 0.284722 0.008854 0.037963
2 0.623177 0.343519 0.009896 0.048148
2 0.397135 0.347685 0.009896 0.041667
2 0.852344 0.329167 0.011979 0.047222
3 0.489323 0.384259 0.009896 0.050000
2 0.429167 0.346296 0.010417 0.046296
2 0.313021 0.473611 0.011458 0.065741
2 0.559115 0.382870 0.016146 0.052778
2 0.479427 0.499074 0.013021 0.066667
2 0.616927 0.375926 0.011979 0.053704
2 0.744531 0.519444 0.016146 0.070370
2 0.628646 0.500000 0.020833 0.053704
2 0.413802 0.543519 0.025521 0.066667
2 0.180208 0.382870 0.011458 0.052778
2 0.726302 0.527315 0.013021 0.075000
2 0.592969 0.509259 0.011979 0.068519
2 0.438802 0.531944 0.011979 0.065741
2 0.688021 0.407407 0.014583 0.055556
2 0.558073 0.538889 0.020313 0.070370
2 0.150521 0.526852 0.023958 0.074074
0 0.638687 0.280255 0.007583 0.012361
3 0.213750 0.259056 0.007708 0.032926
