2 0.683333 0.295833 0.009375 0.039815
2 0.670461 0.311866 0.015922 0.042250
3 0.644792 0.322222 0.007292 0.048148
2 0.706250 0.318056 0.013542 0.043519
2 0.769792 0.351852 0.014583 0.050000
2 0.626563 0.332870 0.010417 0.049074
2 0.583594 0.291204 0.013021 0.043519
2 0.720833 0.343981 0.012500 0.049074
2 0.342969 0.353704 0.009896 0.051852
2 0.661979 0.362500 0.015625 0.050926
2 0.462240 0.295833 0.007812 0.041667
2 0.492448 0.339815 0.008854 0.048148
2 0.783594 0.368519 0.016146 0.046296
2 0.604948 0.426389 0.015104 0.060185
2 0.241146 0.393519 0.016667 0.059259
2 0.426823 0.768981 0.024479 0.102778
2 0.254948 0.438426 0.014063 0.062037
2 0.290885 0.464815 0.021354 0.062963
2 0.388542 0.777315 0.022917 0.106481
2 0.620833 0.539352 0.026042 0.073148
2 0.765625 0.469444 0.017708 0.062963
2 0.826302 0.390741 0.017188 0.053704
3 0.298234 0.259472 0.011052 0.037463
2 0.607581 0.253273 0.009953 0.039880
0 0.716982 0.361903 0.004797 0.010843
