3 0.306438 0.264870 0.010792 0.037148
0 0.361198 0.606019 0.005729 0.012037
2 0.383333 0.299537 0.009375 0.039815
2 0.670052 0.326852 0.009896 0.048148
2 0.459375 0.332870 0.010417 0.047222
2 0.640625 0.302315 0.012500 0.043519
3 0.991146 0.811574 0.017708 0.093519
2 0.496354 0.338426 0.012500 0.050926
3 0.571875 0.405556 0.010417 0.055556
2 0.842969 0.687963 0.015104 0.096296
2 0.697656 0.366667 0.014063 0.050000
2 0.685156 0.378704 0.014063 0.057407
2 0.738542 0.397685 0.015625 0.062037
2 0.628646 0.510185 0.014583 0.059259
2 0.610677 0.452315 0.016146 0.065741
2 0.250781 0.347222 0.013021 0.053704
2 0.553125 0.410185 0.016667 0.064815
2 0.786198 0.488889 0.015104 0.072222
2 0.485156 0.628241 0.017188 0.089815
2 0.088542 0.555093 0.019792 0.078704
2 0.796615 0.778704 0.027604 0.107407
2 0.351823 0.684259 0.022396 0.088889
2 0.335156 0.476852 0.016146 0.070370
2 0.294010 0.438889 0.013021 0.061111
