3 0.440409 0.228528 0.007901 0.034833
2 0.879687 0.316204 0.010417 0.039815
2 0.755208 0.261111 0.011458 0.035185
2 0.890365 0.348611 0.013021 0.052778
2 0.896354 0.320370 0.012500 0.042593
2 0.545052 0.260185 0.009896 0.037037
2 0.784896 0.283796 0.014583 0.041667
2 0.683987 0.314875 0.013807 0.050120
2 0.627604 0.293981 0.009375 0.047222
2 0.741667 0.341667 0.011458 0.048148
2 0.614583 0.294444 0.012500 0.046296
3 0.707031 0.339815 0.011979 0.050000
2 0.466146 0.333796 0.011458 0.050926
2 0.483073 0.302315 0.008854 0.045370
2 0.869531 0.431944 0.014063 0.067593
2 0.370052 0.302778 0.009896 0.046296
2 0.574479 0.417130 0.016667 0.056481
1 0.097135 0.323148 0.013021 0.051852
2 0.712760 0.395833 0.016146 0.056481
2 0.274219 0.416667 0.019271 0.057407
2 0.838021 0.492593 0.028125 0.070370
2 0.800781 0.459259 0.022396 0.068519
2 0.420052 0.603241 0.025521 0.097222
0 0.281237 0.443546 0.006224 0.011167
