0 0.207552 0.519444 0.005729 0.011111
2 0.646875 0.296759 0.008333 0.043519
3 0.286979 0.258333 0.011458 0.035185
2 0.641927 0.257407 0.007812 0.040741
2 0.546354 0.322685 0.009375 0.052778
2 0.788802 0.496759 0.009896 0.073148
2 0.551823 0.334259 0.007812 0.050000
2 0.446615 0.279630 0.009896 0.044444
2 0.694010 0.339815 0.008854 0.053704
2 0.630469 0.362037 0.010937 0.053704
2 0.609115 0.371759 0.011979 0.058333
2 0.668490 0.362500 0.010937 0.062037
2 0.173177 0.496759 0.028646 0.065741
3 0.586719 0.404630 0.011979 0.061111
2 0.756771 0.441667 0.014583 0.066667
2 0.431250 0.455093 0.012500 0.071296
2 0.309635 0.346296 0.013021 0.055556
2 0.626823 0.456019 0.014063 0.063889
2 0.780990 0.507870 0.014063 0.075000
2 0.804688 0.429630 0.015625 0.070370
2 0.502083 0.438426 0.013542 0.071296
2 0.544010 0.540278 0.015104 0.086111
2 0.294271 0.725926 0.025000 0.107407
