2 0.549479 0.245833 0.009375 0.032407
2 0.603385 0.286111 0.007812 0.038889
2 0.347656 0.287500 0.013021 0.039815
2 0.644792 0.323611 0.009375 0.049074
2 0.397917 0.317130 0.012500 0.047222
2 0.487500 0.332407 0.010417 0.048148
3 0.525521 0.359722 0.011458 0.052778
0 0.362240 0.625463 0.007812 0.013889
2 0.765104 0.430556 0.020833 0.053704
2 0.514583 0.522222 0.013542 0.055556
2 0.669010 0.363426 0.018229 0.058333
2 0.294531 0.485648 0.017188 0.069444
2 0.575781 0.388426 0.014063 0.062037
2 0.086719 0.543056 0.026562 0.075000
2 0.284115 0.482407 0.014063 0.072222
2 0.462240 0.668056 0.019271 0.099074
2 0.579427 0.454630 0.023438 0.051852
1 0.947917 0.330093 0.016667 0.050926
2 0.600781 0.391204 0.016146 0.058333
2 0.184375 0.347685 0.015625 0.054630
2 0.750521 0.515741 0.023958 0.066667
2 0.724219 0.536574 0.020313 0.080556
3 0.230711 0.244194 0.010380 0.040241
