2 0.187221 0.558954 0.022359 0.075315
2 0.438354 0.558028 0.021500 0.080870
2 0.211349 0.457926 0.022698 0.064000
2 0.191534 0.494343 0.022651 0.066463
2 0.422060 0.448301 0.018078 0.068824
2 0.951052 0.331046 0.013562 0.052833
2 0.408286 0.335588 0.012406 0.048954
2 0.867148 0.379278 0.015547 0.056704
2 0.953810 0.434690 0.020120 0.069380
2 0.897471 0.285361 0.010568 0.046648
2 0.683901 0.436407 0.027177 0.069111
3 0.468633 0.406917 0.018516 0.065685
2 0.363000 0.397537 0.022875 0.052481
2 0.380792 0.311407 0.010542 0.054296
2 0.465609 0.275199 0.011427 0.042991
2 0.487682 0.272958 0.018073 0.045917
1 0.153120 0.314333 0.015615 0.047185
2 0.701477 0.316273 0.013370 0.049213
2 0.327034 0.335968 0.014484 0.051565
2 0.796839 0.308856 0.016594 0.051046
2 0.366190 0.330792 0.014672 0.050472
3 0.517042 0.209565 0.009083 0.035796
2 0.352010 0.402894 0.016521 0.055787
0 0.192536 0.583417 0.006948 0.013130
