2 0.521875 0.304630 0.008333 0.044444
2 0.601823 0.284259 0.007812 0.038889
2 0.572656 0.262963 0.007812 0.037037
2 0.449740 0.306481 0.009896 0.046296
0 0.401042 0.654630 0.010417 0.014815
2 0.313802 0.269907 0.008854 0.036111
2 0.511198 0.336111 0.008854 0.048148
2 0.687240 0.356481 0.014063 0.053704
3 0.565885 0.343056 0.009896 0.049074
2 0.758333 0.454630 0.014583 0.051852
2 0.636979 0.463426 0.013542 0.047222
2 0.657552 0.338426 0.016146 0.050926
2 0.313281 0.390741 0.011979 0.059259
1 0.938802 0.328241 0.014063 0.050926
2 0.794010 0.524537 0.019271 0.058333
2 0.454427 0.497222 0.013021 0.066667
2 0.581250 0.434722 0.021875 0.056481
2 0.393229 0.398148 0.019792 0.059259
2 0.726302 0.559259 0.017188 0.068519
2 0.221354 0.353704 0.011458 0.053704
2 0.167187 0.506481 0.017708 0.070370
3 0.954427 0.670370 0.030729 0.094444
2 0.487240 0.665278 0.036979 0.082407
3 0.268435 0.239148 0.008745 0.041259
2 0.625674 0.312819 0.012807 0.044157
