2 0.446615 0.284722 0.010937 0.036111
2 0.567187 0.345176 0.010417 0.049611
2 0.588021 0.284722 0.009375 0.039815
2 0.604948 0.298611 0.008854 0.041667
2 0.645573 0.332407 0.008854 0.046296
2 0.722396 0.396296 0.012500 0.066667
2 0.523958 0.391204 0.010417 0.050926
2 0.994792 0.353241 0.010417 0.056481
2 0.516667 0.326389 0.009375 0.047222
2 0.314844 0.343519 0.011979 0.046296
2 0.555208 0.326852 0.009375 0.050000
2 0.425260 0.433796 0.015104 0.063889
2 0.726562 0.405556 0.013542 0.059259
2 0.684115 0.354167 0.015104 0.054630
2 0.450781 0.392130 0.013021 0.058333
2 0.507292 0.597222 0.018750 0.090741
2 0.211198 0.498611 0.022396 0.075000
2 0.636719 0.428241 0.014063 0.063889
2 0.587500 0.463426 0.013542 0.063889
2 0.863802 0.693056 0.022396 0.095370
2 0.794531 0.498611 0.014063 0.069444
3 0.567656 0.356954 0.010313 0.052796
0 0.380419 0.339255 0.005630 0.009991
3 0.283891 0.269435 0.012573 0.038870
