2 0.409115 0.364352 0.008854 0.034259
2 0.367969 0.362699 0.013021 0.038361
2 0.803385 0.427778 0.011979 0.050000
2 0.387240 0.390278 0.008854 0.043519
2 0.641406 0.367593 0.015104 0.040741
2 0.858333 0.456019 0.012500 0.050926
2 0.585417 0.452315 0.009375 0.049074
2 0.783594 0.653241 0.018229 0.067593
2 0.784896 0.478241 0.011458 0.058333
2 0.707031 0.501389 0.015104 0.052778
3 0.445833 0.480093 0.013542 0.052778
2 0.738802 0.528704 0.016146 0.061111
2 0.219010 0.425463 0.015104 0.049074
2 0.237240 0.501389 0.022396 0.058333
2 0.179948 0.579167 0.017188 0.060185
2 0.561719 0.570833 0.015104 0.063889
2 0.365625 0.449074 0.016667 0.051852
2 0.680729 0.667130 0.019792 0.075000
2 0.247656 0.563889 0.018229 0.062963
2 0.185938 0.500000 0.020833 0.059259
2 0.355469 0.559259 0.019271 0.062963
3 0.314510 0.336912 0.010271 0.036787
0 0.397430 0.379236 0.004234 0.008472
