3 0.459115 0.336574 0.007812 0.034259
2 0.500260 0.432407 0.011979 0.042593
1 0.200323 0.473569 0.014187 0.045287
2 0.549479 0.473148 0.008333 0.051852
2 0.502984 0.406222 0.010135 0.042074
2 0.451823 0.482870 0.013021 0.056481
3 0.582552 0.523148 0.011979 0.059259
2 0.543229 0.481019 0.009375 0.052778
2 0.846688 0.564069 0.013167 0.079991
2 0.463021 0.487963 0.016667 0.053704
2 0.332813 0.435648 0.011458 0.052778
2 0.202344 0.497222 0.010937 0.048148
2 0.562760 0.392130 0.014063 0.045370
2 0.146094 0.552778 0.011979 0.059259
2 0.411719 0.558333 0.017188 0.061111
2 0.404427 0.664352 0.017188 0.069444
2 0.589063 0.547222 0.015625 0.062963
2 0.376563 0.665278 0.012500 0.065741
2 0.304167 0.440741 0.011458 0.051852
2 0.927604 0.549074 0.018750 0.064815
2 0.427083 0.498148 0.015625 0.053704
2 0.785417 0.463889 0.017708 0.050000
2 0.871354 0.622222 0.015625 0.066667
