0 0.871354 0.710648 0.007292 0.013889
2 0.704948 0.458796 0.008854 0.047222
2 0.840625 0.650463 0.015625 0.065741
2 0.640625 0.438889 0.009375 0.057407
1 0.779427 0.416204 0.011979 0.052778
2 0.534115 0.463889 0.013021 0.053704
2 0.658073 0.430093 0.013021 0.056481
2 0.665104 0.531944 0.014583 0.056481
2 0.602083 0.406019 0.010417 0.050926
2 0.695312 0.460185 0.014583 0.055556
2 0.539323 0.414815 0.011979 0.051852
2 0.546615 0.393056 0.010937 0.049074
2 0.622917 0.459722 0.012500 0.054630
3 0.510938 0.462500 0.010417 0.054630
2 0.818750 0.675000 0.026042 0.046296
2 0.620052 0.557407 0.017188 0.064815
2 0.372135 0.427778 0.009896 0.051852
2 0.848958 0.704167 0.020833 0.075000
2 0.651302 0.655093 0.019271 0.067593
2 0.530990 0.639815 0.015104 0.075926
2 0.346094 0.541667 0.015104 0.061111
2 0.164062 0.654167 0.017708 0.082407
2 0.168229 0.463889 0.013542 0.059259
