0 0.453385 0.552315 0.005729 0.010185
2 0.658333 0.493056 0.013542 0.043519
2 0.463281 0.452778 0.010937 0.038889
2 0.516927 0.470833 0.009896 0.043519
2 0.780990 0.512037 0.010937 0.053704
2 0.491927 0.468981 0.014063 0.041667
1 0.880469 0.428241 0.014063 0.043519
2 0.581250 0.404630 0.012500 0.044444
2 0.684115 0.548611 0.010937 0.054630
2 0.399479 0.412963 0.012500 0.038889
2 0.769010 0.557407 0.010937 0.053704
2 0.745052 0.573611 0.014063 0.037963
2 0.550521 0.427778 0.010417 0.042593
3 0.585677 0.504167 0.017188 0.050926
2 0.446094 0.517593 0.013021 0.046296
2 0.682031 0.450000 0.010937 0.048148
3 0.959763 0.720264 0.021609 0.073861
2 0.571615 0.473148 0.014063 0.048148
2 0.522135 0.509259 0.014063 0.048148
2 0.355729 0.512500 0.019792 0.049074
2 0.730208 0.598148 0.016667 0.059259
2 0.309635 0.535648 0.013021 0.052778
2 0.259115 0.485648 0.019271 0.049074
2 0.417187 0.575926 0.020833 0.057407
3 0.201716 0.342435 0.009682 0.036722
