2 0.689583 0.389352 0.008333 0.032407
2 0.672656 0.452778 0.008854 0.046296
1 0.793229 0.423611 0.014583 0.052778
2 0.554948 0.556944 0.022396 0.058333
2 0.558594 0.607870 0.023438 0.052778
2 0.694792 0.416667 0.012500 0.051852
2 0.737586 0.609921 0.015797 0.066139
2 0.499479 0.469444 0.014583 0.055556
2 0.654687 0.456019 0.014583 0.049074
2 0.586458 0.420833 0.014583 0.047222
2 0.592969 0.623148 0.015104 0.068519
2 0.817708 0.618056 0.018750 0.065741
2 0.676823 0.503667 0.015104 0.062889
2 0.297135 0.734259 0.026562 0.070370
3 0.505729 0.525463 0.015625 0.062037
2 0.578385 0.649537 0.017188 0.076852
2 0.758073 0.608796 0.015104 0.062037
2 0.837500 0.503241 0.013542 0.062037
2 0.283073 0.706944 0.020313 0.073148
2 0.291146 0.469907 0.014583 0.060185
2 0.479167 0.636111 0.017708 0.075926
2 0.132552 0.610648 0.026562 0.073148
0 0.564385 0.625843 0.005854 0.010944
3 0.020591 0.333986 0.013057 0.042046
