2 0.639323 0.425463 0.013021 0.039815
2 0.566667 0.365741 0.007292 0.029630
2 0.728638 0.405884 0.011443 0.033991
2 0.649479 0.445833 0.009375 0.041667
2 0.480469 0.366667 0.006771 0.031481
2 0.701562 0.372685 0.009375 0.028704
2 0.474219 0.387037 0.013021 0.029630
2 0.602083 0.371296 0.013542 0.029630
3 0.913411 0.899528 0.021615 0.097204
2 0.295573 0.393981 0.007812 0.039815
2 0.492188 0.376389 0.008333 0.037963
2 0.492448 0.447685 0.011979 0.036111
2 0.720307 0.610106 0.023948 0.062806
2 0.806771 0.425926 0.011458 0.038889
2 0.372656 0.523611 0.013021 0.054630
2 0.410156 0.443981 0.010937 0.045370
2 0.197656 0.557407 0.019271 0.051852
2 0.301823 0.434259 0.014063 0.040741
2 0.805469 0.526852 0.022396 0.051852
0 0.741656 0.402458 0.004146 0.008620
2 0.734594 0.385486 0.013979 0.039491
3 0.644820 0.427963 0.017766 0.037407
3 0.363302 0.345227 0.009937 0.038602
