0 0.364323 0.499074 0.008854 0.012963
2 0.791146 0.473611 0.009375 0.032407
2 0.581901 0.377986 0.016927 0.039306
2 0.613302 0.323361 0.014104 0.037463
2 0.497396 0.432870 0.014583 0.049074
2 0.764583 0.425000 0.018750 0.044444
2 0.522396 0.396759 0.011458 0.043519
2 0.811719 0.406481 0.020313 0.044444
2 0.789323 0.508333 0.013021 0.061111
3 0.631510 0.480093 0.010937 0.054630
2 0.511719 0.468519 0.010937 0.055556
2 0.321615 0.404630 0.008854 0.048148
2 0.774479 0.471296 0.014583 0.053704
2 0.477344 0.461574 0.014063 0.052778
2 0.612500 0.472685 0.014583 0.050926
2 0.460938 0.543981 0.013542 0.058333
2 0.600260 0.560648 0.011979 0.063889
2 0.803906 0.652778 0.017188 0.068519
2 0.292187 0.522685 0.017708 0.052778
2 0.459635 0.594444 0.015104 0.064815
2 0.672135 0.698148 0.015104 0.075926
2 0.359375 0.774074 0.028125 0.083333
3 0.371904 0.311454 0.009432 0.039574
