3 0.219190 0.363449 0.009214 0.030602
2 0.440930 0.389468 0.007901 0.032639
2 0.656250 0.415278 0.010417 0.039815
2 0.609115 0.412500 0.008854 0.037963
2 0.133594 0.380093 0.009896 0.030556
2 0.663021 0.438426 0.010417 0.037963
3 0.879687 0.843981 0.020833 0.078704
2 0.609896 0.445833 0.012500 0.036111
2 0.187500 0.384259 0.012500 0.029630
2 0.797917 0.654630 0.013542 0.057407
2 0.373958 0.488426 0.011458 0.043519
2 0.715885 0.494444 0.014063 0.046296
2 0.448177 0.428704 0.009896 0.040741
3 0.489750 0.481426 0.010750 0.044333
2 0.635938 0.515278 0.010417 0.049074
2 0.129427 0.439815 0.015104 0.038889
2 0.623958 0.555556 0.013542 0.053704
2 0.806510 0.703241 0.013021 0.065741
2 0.742969 0.550463 0.011979 0.054630
2 0.651042 0.600926 0.015625 0.057407
2 0.330990 0.552315 0.011979 0.050926
2 0.154167 0.513889 0.012500 0.048148
2 0.489813 0.454546 0.010875 0.042426
2 0.436432 0.379315 0.006198 0.030852
