1 0.996615 0.503704 0.006771 0.037037
2 0.592708 0.392593 0.009375 0.033333
2 0.375260 0.462037 0.007812 0.042593
2 0.462240 0.491204 0.011979 0.043519
2 0.405208 0.535648 0.010417 0.049074
2 0.688021 0.454630 0.010417 0.040741
2 0.459635 0.434259 0.008854 0.037037
2 0.330469 0.484259 0.013021 0.044444
2 0.364323 0.442130 0.007812 0.037963
2 0.350000 0.779630 0.021875 0.066667
2 0.478906 0.487500 0.007812 0.043519
3 0.437240 0.589815 0.014063 0.055556
3 0.969010 0.820370 0.023438 0.075926
2 0.629687 0.556944 0.011458 0.045370
2 0.846875 0.619907 0.014583 0.058333
2 0.351042 0.547222 0.014583 0.051852
2 0.622396 0.585648 0.011458 0.050926
2 0.457552 0.645370 0.014063 0.061111
2 0.294271 0.557870 0.012500 0.050926
2 0.548958 0.770833 0.013542 0.067593
2 0.286979 0.682407 0.014583 0.061111
2 0.517969 0.642593 0.011979 0.059259
2 0.490104 0.736574 0.014583 0.071296
3 0.385047 0.368097 0.008635 0.032491
0 0.625758 0.566116 0.005682 0.010009
