0 0.645312 0.498148 0.006250 0.011111
3 0.359352 0.333644 0.011411 0.037657
2 0.278714 0.395574 0.016802 0.044852
2 0.629234 0.431204 0.015760 0.047593
2 0.619198 0.455468 0.014437 0.046120
2 0.613362 0.487792 0.021516 0.047806
2 0.856544 0.420394 0.021422 0.048194
3 0.536703 0.450301 0.023406 0.052454
2 0.278599 0.437278 0.013448 0.048630
2 0.636378 0.450329 0.016505 0.052509
2 0.822135 0.383333 0.014063 0.042593
2 0.077083 0.442130 0.014583 0.050926
2 0.904948 0.476389 0.011979 0.056481
2 0.886656 0.469907 0.019146 0.049074
2 0.316247 0.481181 0.012703 0.053102
2 0.187240 0.521296 0.015104 0.055556
2 0.214583 0.461111 0.011458 0.053704
2 0.084896 0.499537 0.015625 0.056481
2 0.292484 0.408287 0.016219 0.049907
2 0.822836 0.567741 0.023797 0.046593
2 0.329167 0.457407 0.015625 0.051852
2 0.680607 0.573366 0.027880 0.065250
2 0.421096 0.433333 0.017193 0.046296
