2 0.463802 0.438889 0.019271 0.040741
2 0.542651 0.503241 0.015510 0.056481
3 0.606250 0.527778 0.019792 0.053704
2 0.369792 0.499074 0.013542 0.051852
2 0.572656 0.394907 0.011979 0.043519
2 0.526823 0.458333 0.010937 0.050000
2 0.457031 0.468519 0.013021 0.048148
1 0.164323 0.469907 0.026562 0.045370
2 0.564063 0.425463 0.009375 0.052778
2 0.592708 0.513426 0.016667 0.058333
2 0.425781 0.481481 0.026562 0.053704
2 0.669010 0.420370 0.010937 0.048148
2 0.369792 0.531944 0.018750 0.054630
2 0.480729 0.495833 0.016667 0.058333
2 0.305208 0.589352 0.016667 0.062037
2 0.873177 0.539352 0.015104 0.063889
2 0.803906 0.583333 0.013021 0.070370
2 0.523438 0.556019 0.013542 0.063889
2 0.655990 0.527778 0.017188 0.061111
2 0.296875 0.636111 0.015625 0.070370
2 0.717708 0.625000 0.014583 0.072222
2 0.535464 0.491829 0.011552 0.059583
3 0.585385 0.354199 0.015562 0.036176
0 0.426599 0.420213 0.007365 0.012648
