0 0.810677 0.594444 0.005729 0.011111
3 0.991232 0.709366 0.017880 0.068731
2 0.779687 0.567130 0.025000 0.026852
1 0.831510 0.430093 0.018229 0.041667
2 0.658594 0.486574 0.014063 0.045370
2 0.836458 0.583333 0.016667 0.042593
2 0.802865 0.525000 0.015104 0.051852
2 0.743490 0.552778 0.013021 0.046296
2 0.526823 0.468056 0.009896 0.047222
3 0.595052 0.504630 0.007812 0.050000
2 0.662760 0.419907 0.013021 0.043519
2 0.852083 0.574537 0.013542 0.052778
2 0.333073 0.421296 0.011979 0.042593
2 0.717448 0.468519 0.011979 0.048148
2 0.698958 0.547685 0.012500 0.049074
2 0.558333 0.538426 0.009375 0.056481
2 0.601562 0.412963 0.013542 0.040741
2 0.634896 0.602315 0.010417 0.062037
2 0.580469 0.654630 0.013021 0.066667
2 0.777865 0.612500 0.013021 0.060185
2 0.486719 0.561111 0.010937 0.061111
2 0.355729 0.642593 0.015625 0.068519
2 0.325781 0.632407 0.018229 0.061111
2 0.156250 0.541667 0.011458 0.055556
3 0.145081 0.345236 0.008911 0.036769
