2 0.331956 0.356852 0.013911 0.041481
3 0.917786 0.971296 0.030365 0.057407
2 0.212240 0.477778 0.013021 0.055556
2 0.381510 0.389352 0.014063 0.041667
1 0.039583 0.443056 0.014583 0.049074
3 0.393654 0.464981 0.016474 0.054037
2 0.344516 0.389065 0.015073 0.037389
2 0.244010 0.466204 0.022396 0.050926
2 0.608854 0.385185 0.010417 0.044444
2 0.679948 0.491667 0.011979 0.051852
2 0.201823 0.483796 0.011979 0.052778
2 0.720052 0.621296 0.023438 0.062963
2 0.541667 0.441204 0.010417 0.049074
2 0.844792 0.438426 0.012500 0.049074
2 0.240104 0.410185 0.014583 0.046296
2 0.327344 0.420833 0.019271 0.043519
2 0.789323 0.425000 0.018229 0.051852
2 0.522917 0.535648 0.014583 0.062037
2 0.815625 0.486574 0.015625 0.062037
2 0.646094 0.618056 0.020313 0.067593
2 0.178646 0.469444 0.018750 0.055556
2 0.751302 0.523611 0.017188 0.063889
2 0.345573 0.501389 0.020313 0.054630
3 0.375521 0.328796 0.012500 0.039074
0 0.324682 0.391403 0.004573 0.008731
