2 0.596875 0.408796 0.009375 0.037963
2 0.820312 0.593056 0.015625 0.032407
2 0.591406 0.428241 0.011979 0.037963
2 0.348698 0.398148 0.009896 0.038889
3 0.554688 0.505093 0.012500 0.047222
2 0.537500 0.485185 0.013542 0.044444
2 0.382292 0.523148 0.016667 0.050000
2 0.338542 0.443519 0.010417 0.038889
1 0.927083 0.442593 0.012500 0.048148
2 0.754427 0.518981 0.011979 0.050926
2 0.670312 0.447222 0.011458 0.046296
2 0.567708 0.527315 0.009375 0.052778
2 0.224219 0.487963 0.014063 0.044444
2 0.633594 0.511574 0.008854 0.050926
2 0.683333 0.555556 0.008333 0.055556
2 0.514844 0.495370 0.020313 0.051852
2 0.199479 0.454167 0.011458 0.047222
2 0.442188 0.471759 0.013542 0.047222
2 0.698177 0.580556 0.011979 0.055556
2 0.401823 0.568519 0.015104 0.059259
3 0.979924 0.760144 0.036932 0.079546
2 0.244792 0.550000 0.022917 0.055556
2 0.803125 0.595833 0.011458 0.058333
3 0.218943 0.349329 0.009760 0.033843
