2 0.592969 0.413889 0.011979 0.046296
2 0.471247 0.591593 0.014370 0.075778
0 0.576823 0.657870 0.009896 0.012037
2 0.585156 0.446759 0.020313 0.052778
2 0.504687 0.362037 0.010417 0.050000
2 0.368490 0.356481 0.015104 0.053704
2 0.706250 0.599074 0.016667 0.064815
2 0.538021 0.406481 0.015625 0.051852
2 0.425260 0.351389 0.009896 0.049074
2 0.601823 0.444444 0.015104 0.057407
1 0.885938 0.442130 0.013542 0.060185
2 0.635677 0.469444 0.014063 0.075926
2 0.505469 0.429630 0.009896 0.057407
3 0.463021 0.454167 0.012500 0.058333
2 0.556771 0.508333 0.016667 0.066667
2 0.407813 0.528241 0.014583 0.063889
2 0.101562 0.419444 0.013542 0.059259
2 0.693490 0.500463 0.025521 0.063889
2 0.485677 0.604630 0.021354 0.064815
2 0.080990 0.529630 0.017188 0.066667
2 0.232813 0.527315 0.016667 0.065741
2 0.479841 0.581856 0.019057 0.069269
