2 0.702604 0.453704 0.009375 0.050000
2 0.702604 0.403704 0.014583 0.051852
1 0.754427 0.414815 0.014063 0.050000
2 0.683854 0.397222 0.014583 0.051852
0 0.754687 0.640741 0.007292 0.011111
2 0.709375 0.469444 0.012500 0.059259
2 0.569271 0.465741 0.012500 0.051852
2 0.895312 0.531481 0.014583 0.051852
2 0.663542 0.442593 0.011458 0.051852
2 0.804948 0.518981 0.011979 0.058333
2 0.741667 0.575000 0.015625 0.057407
2 0.785677 0.464815 0.011979 0.055556
2 0.595833 0.435185 0.013542 0.050000
2 0.578906 0.413889 0.011979 0.050000
2 0.870573 0.525463 0.014063 0.056481
3 0.498437 0.478241 0.011458 0.056481
2 0.577344 0.511111 0.014063 0.051852
2 0.366146 0.434722 0.014583 0.052778
2 0.734375 0.612037 0.025000 0.055556
2 0.675260 0.626852 0.020313 0.061111
2 0.147656 0.510185 0.015104 0.055556
2 0.187760 0.604630 0.017188 0.062963
2 0.235677 0.586111 0.015104 0.059259
