2 0.608333 0.660185 0.016667 0.022222
2 0.455740 0.441296 0.007312 0.040000
2 0.387784 0.398843 0.008901 0.025463
2 0.450021 0.436056 0.007333 0.027667
2 0.602344 0.661574 0.017188 0.025000
3 0.344224 0.389162 0.007198 0.033880
3 0.817708 0.891204 0.013542 0.069444
2 0.394531 0.402778 0.007812 0.031481
2 0.459589 0.422060 0.011885 0.036713
2 0.576823 0.412500 0.010937 0.030556
2 0.592969 0.417130 0.011979 0.030556
2 0.380469 0.449074 0.011979 0.038889
3 0.469271 0.478241 0.008333 0.043519
2 0.598958 0.699537 0.016667 0.063889
1 0.009115 0.490741 0.009896 0.044444
2 0.711198 0.460185 0.009896 0.044444
2 0.275260 0.425926 0.010937 0.037037
2 0.479427 0.443056 0.008854 0.037963
2 0.267448 0.493056 0.009896 0.045370
2 0.580208 0.493519 0.009375 0.044444
2 0.564323 0.583333 0.016146 0.050000
2 0.746094 0.504630 0.010937 0.046296
2 0.451042 0.509722 0.012500 0.045370
2 0.764844 0.504167 0.013021 0.047222
2 0.281250 0.529167 0.012500 0.047222
