2 0.619531 0.620370 0.011979 0.040741
1 0.911458 0.423148 0.012500 0.053704
2 0.219531 0.567130 0.019271 0.058333
2 0.617448 0.396759 0.016146 0.049074
2 0.634896 0.485185 0.012500 0.057407
2 0.698958 0.410648 0.013542 0.052778
2 0.557292 0.462963 0.010417 0.055556
2 0.677083 0.425000 0.014583 0.051852
2 0.621875 0.659259 0.026042 0.070370
2 0.331771 0.406019 0.014583 0.047222
2 0.725521 0.460185 0.012500 0.061111
3 0.517188 0.511574 0.016667 0.056481
2 0.651823 0.521296 0.015104 0.068519
2 0.480208 0.566667 0.014583 0.068519
2 0.173698 0.554167 0.023438 0.065741
2 0.701042 0.627315 0.016667 0.067593
2 0.358854 0.660648 0.018750 0.076852
2 0.848958 0.604630 0.017708 0.074074
2 0.040625 0.655093 0.021875 0.084259
2 0.607812 0.728241 0.030208 0.078704
2 0.559375 0.564352 0.020833 0.062037
3 0.125896 0.306940 0.011167 0.041657
2 0.749195 0.817051 0.027557 0.095213
