1 0.866875 0.420685 0.025417 0.061741
2 0.633854 0.405556 0.015625 0.048148
2 0.647917 0.404167 0.012500 0.052778
2 0.686719 0.448148 0.014063 0.059259
2 0.669531 0.428704 0.010937 0.048148
3 0.503906 0.506019 0.015104 0.058333
2 0.587240 0.643519 0.021354 0.064815
2 0.626563 0.487963 0.011458 0.057407
2 0.546354 0.640278 0.017708 0.069444
2 0.310937 0.430093 0.012500 0.052778
2 0.534635 0.477315 0.010937 0.058333
2 0.662240 0.516667 0.013021 0.062963
2 0.736458 0.623148 0.016667 0.066667
2 0.747396 0.527778 0.015625 0.055556
2 0.601823 0.560648 0.014063 0.062037
2 0.151562 0.572222 0.012500 0.068519
2 0.700000 0.586111 0.019792 0.064815
2 0.351823 0.641667 0.011979 0.077778
2 0.164323 0.617130 0.013021 0.065741
2 0.497135 0.554167 0.018229 0.065741
2 0.641146 0.691667 0.016667 0.077778
2 0.046615 0.671759 0.026562 0.086111
0 0.552076 0.662005 0.008318 0.011046
3 0.085094 0.327046 0.011854 0.044833
