2 0.357812 0.438426 0.011458 0.039815
3 0.465146 0.487500 0.018833 0.049074
3 0.441648 0.361648 0.009339 0.034407
2 0.558073 0.428241 0.009896 0.034259
2 0.830688 0.513551 0.024917 0.047472
2 0.427604 0.446759 0.009375 0.043519
2 0.374479 0.418056 0.009375 0.043519
2 0.350781 0.465741 0.016146 0.051852
2 0.783594 0.419907 0.010937 0.056481
2 0.324479 0.456944 0.013542 0.052778
2 0.188802 0.450000 0.010937 0.046296
2 0.892969 0.468056 0.014063 0.047222
2 0.527083 0.428241 0.014583 0.034259
2 0.355469 0.507870 0.013021 0.050926
2 0.772656 0.428241 0.018229 0.043519
2 0.235417 0.500463 0.012500 0.047222
2 0.479167 0.510185 0.019792 0.046296
2 0.214062 0.514352 0.012500 0.056481
2 0.538802 0.593519 0.016146 0.057407
2 0.734115 0.612963 0.022396 0.055556
0 0.564669 0.449384 0.005380 0.009880
1 0.139216 0.471949 0.019057 0.056861
2 0.832544 0.499593 0.017172 0.049185
