2 0.621615 0.545833 0.017188 0.049074
2 0.617969 0.572222 0.016146 0.061111
1 0.861544 0.426148 0.013714 0.056000
2 0.618750 0.397685 0.014583 0.056481
2 0.653906 0.447222 0.008854 0.051852
2 0.596094 0.556481 0.023438 0.059259
2 0.616146 0.484259 0.012500 0.057407
2 0.684375 0.437037 0.012500 0.057407
2 0.455208 0.483333 0.011458 0.055556
2 0.513542 0.544907 0.010417 0.062037
3 0.487240 0.519444 0.013021 0.061111
2 0.660417 0.514352 0.016667 0.062037
2 0.765885 0.512963 0.014063 0.062963
2 0.304948 0.458333 0.009896 0.057407
2 0.736458 0.565278 0.017708 0.060185
2 0.560677 0.424537 0.013021 0.050926
2 0.090625 0.675463 0.019792 0.086111
2 0.087760 0.713426 0.022396 0.078704
2 0.116927 0.607870 0.014063 0.073148
2 0.658333 0.601389 0.019792 0.065741
2 0.363802 0.614815 0.016146 0.074074
2 0.597917 0.629167 0.019792 0.071296
3 0.068951 0.331301 0.014984 0.044083
0 0.589497 0.582875 0.007120 0.013898
