2 0.613802 0.404630 0.010937 0.050000
2 0.634115 0.461111 0.009896 0.051852
2 0.626042 0.421759 0.010417 0.047222
2 0.563281 0.399537 0.013021 0.049074
0 0.583854 0.657407 0.006250 0.011111
2 0.653125 0.420833 0.011458 0.054630
2 0.520312 0.386574 0.011458 0.047222
2 0.806771 0.623148 0.013542 0.059259
2 0.792969 0.654167 0.019271 0.065741
2 0.710417 0.457407 0.011458 0.051852
1 0.789583 0.420370 0.017708 0.053704
2 0.687240 0.438426 0.010937 0.050926
2 0.585938 0.475926 0.012500 0.051852
2 0.479948 0.424074 0.010937 0.051852
3 0.501042 0.458796 0.010417 0.056481
2 0.713021 0.525000 0.022917 0.064815
2 0.747135 0.575463 0.021354 0.062037
2 0.354687 0.428704 0.011458 0.053704
2 0.357292 0.534722 0.012500 0.063889
2 0.651823 0.594907 0.013021 0.052778
2 0.186979 0.460185 0.016667 0.059259
2 0.556510 0.636574 0.017188 0.075000
2 0.211979 0.624537 0.018750 0.078704
