3 0.505729 0.497685 0.013542 0.047222
2 0.388656 0.408796 0.011687 0.041667
2 0.774479 0.421296 0.017708 0.044444
2 0.720573 0.379167 0.014063 0.036111
2 0.490104 0.525463 0.017708 0.058333
2 0.538021 0.441204 0.015625 0.045370
2 0.475000 0.565278 0.013542 0.058333
2 0.339698 0.553023 0.022104 0.061602
2 0.669010 0.442130 0.011979 0.045370
2 0.430208 0.479630 0.018750 0.051852
2 0.764844 0.631481 0.022396 0.059259
2 0.694010 0.473148 0.010937 0.050000
2 0.764062 0.687500 0.030208 0.075000
2 0.782552 0.473148 0.014063 0.053704
2 0.897396 0.531481 0.012500 0.061111
2 0.376042 0.541204 0.014583 0.056481
2 0.207813 0.533333 0.013542 0.059259
2 0.865885 0.513889 0.016146 0.055556
2 0.086719 0.495370 0.017188 0.051852
2 0.246615 0.455556 0.018229 0.051852
2 0.564583 0.538889 0.019792 0.057407
0 0.626857 0.379634 0.005797 0.011120
3 0.299995 0.346778 0.007281 0.034296
