0 0.855208 0.544907 0.005208 0.010185
2 0.884375 0.549074 0.015625 0.031481
2 0.882552 0.581481 0.016146 0.053704
1 0.864323 0.387500 0.013021 0.047222
3 0.985146 0.667648 0.023417 0.070481
2 0.885417 0.604167 0.012500 0.060185
2 0.583333 0.371759 0.012500 0.041667
2 0.325260 0.376852 0.009896 0.042593
2 0.654948 0.391667 0.009896 0.048148
2 0.628646 0.439352 0.010417 0.047222
2 0.447135 0.434722 0.009896 0.049074
2 0.737500 0.540741 0.009375 0.059259
2 0.805990 0.608796 0.015104 0.063889
3 0.561198 0.487500 0.015104 0.052778
2 0.544010 0.545833 0.010937 0.060185
2 0.679948 0.585648 0.014063 0.067593
2 0.836458 0.605093 0.013542 0.062037
2 0.728906 0.439815 0.016146 0.050000
2 0.391667 0.642593 0.015625 0.074074
2 0.644792 0.680556 0.015625 0.075926
2 0.664844 0.600463 0.014063 0.063889
2 0.281250 0.667593 0.020833 0.074074
2 0.464844 0.575926 0.011979 0.061111
2 0.170052 0.526852 0.017188 0.061111
3 0.185888 0.299273 0.008234 0.037435
