2 0.481510 0.483333 0.010937 0.031481
2 0.559896 0.496759 0.009375 0.047222
1 0.821615 0.426852 0.014063 0.044444
2 0.771615 0.523148 0.008854 0.053704
2 0.680990 0.462963 0.008854 0.048148
2 0.686198 0.532407 0.008854 0.053704
2 0.587240 0.412037 0.011979 0.042593
2 0.478385 0.512500 0.021354 0.052778
2 0.764062 0.556944 0.012500 0.050926
2 0.693750 0.575926 0.011458 0.059259
2 0.558854 0.426852 0.012500 0.040741
2 0.725260 0.561111 0.013021 0.035185
2 0.355729 0.433796 0.011458 0.043519
2 0.579948 0.519444 0.010937 0.048148
2 0.569271 0.527315 0.015625 0.050926
3 0.602344 0.504167 0.015104 0.050926
3 0.936719 0.703241 0.023438 0.065741
2 0.456771 0.514815 0.012500 0.051852
2 0.722917 0.646296 0.012500 0.062963
2 0.379688 0.576389 0.015625 0.067593
2 0.160677 0.524074 0.011979 0.055556
2 0.336979 0.581481 0.014583 0.057407
2 0.509896 0.625463 0.020833 0.060185
3 0.146982 0.348699 0.008547 0.034435
0 0.551727 0.530412 0.006578 0.012676
