2 0.751823 0.493056 0.010937 0.047222
2 0.638802 0.343056 0.015104 0.037963
2 0.525000 0.362963 0.017708 0.035185
3 0.540070 0.477778 0.020766 0.053704
2 0.435156 0.410185 0.015104 0.044444
2 0.837240 0.410185 0.016146 0.048148
2 0.764323 0.519907 0.022396 0.058333
2 0.492969 0.408796 0.018229 0.041667
2 0.870573 0.467130 0.018229 0.045370
2 0.602344 0.463426 0.011979 0.049074
2 0.436458 0.473611 0.018750 0.049074
2 0.779427 0.468056 0.016146 0.058333
2 0.383594 0.584259 0.016146 0.062963
2 0.570833 0.584259 0.016667 0.066667
2 0.672917 0.717593 0.016667 0.077778
2 0.331510 0.622685 0.021354 0.069444
2 0.210156 0.440741 0.014063 0.053704
2 0.832552 0.678241 0.020313 0.071296
2 0.308073 0.489815 0.023438 0.055556
2 0.171354 0.544907 0.019792 0.062037
2 0.233594 0.729630 0.025521 0.074074
0 0.494380 0.375949 0.004385 0.009306
3 0.296669 0.336384 0.014172 0.039435
