2 0.566667 0.420370 0.010417 0.040741
2 0.566927 0.456944 0.011979 0.045370
2 0.366927 0.497685 0.020313 0.062037
2 0.705729 0.356019 0.010417 0.043519
3 0.455414 0.544565 0.021245 0.063204
2 0.352604 0.468056 0.018750 0.058333
2 0.398438 0.498611 0.015625 0.058333
2 0.614844 0.386111 0.011979 0.044444
2 0.453906 0.399537 0.011979 0.045370
2 0.837760 0.430556 0.013021 0.051852
2 0.415625 0.506944 0.023958 0.062037
2 0.323958 0.687037 0.018750 0.074074
2 0.589323 0.482870 0.013021 0.056481
1 0.040625 0.445370 0.020833 0.057407
2 0.677344 0.533796 0.018229 0.063889
2 0.317448 0.502778 0.019271 0.057407
2 0.617969 0.591204 0.013021 0.067593
2 0.330990 0.578241 0.025521 0.065741
2 0.174740 0.814352 0.033854 0.078704
3 0.863021 0.937500 0.034375 0.102778
2 0.743490 0.647685 0.018229 0.078704
2 0.216406 0.789815 0.026562 0.079630
2 0.143490 0.671759 0.026562 0.069444
3 0.474062 0.308241 0.012708 0.038704
0 0.210161 0.807796 0.006781 0.015593
