2 0.561115 0.374319 0.017021 0.041231
3 0.530469 0.541204 0.015104 0.060185
2 0.461979 0.433333 0.011458 0.048148
2 0.532552 0.505556 0.015104 0.048148
3 0.863495 0.958796 0.036365 0.082407
2 0.721615 0.491667 0.014063 0.051852
1 0.109635 0.450926 0.013021 0.051852
2 0.504948 0.399537 0.009896 0.045370
2 0.717969 0.543519 0.015104 0.059259
2 0.875781 0.540741 0.014063 0.062963
2 0.404427 0.483796 0.016146 0.049074
2 0.651823 0.412963 0.015104 0.042593
2 0.628646 0.455556 0.012500 0.048148
2 0.889323 0.502778 0.017188 0.055556
2 0.490365 0.422222 0.010937 0.044444
2 0.513542 0.516667 0.014583 0.057407
2 0.599219 0.622222 0.015104 0.070370
2 0.319531 0.539352 0.014063 0.054630
2 0.741927 0.593056 0.015104 0.069444
2 0.287760 0.618519 0.014063 0.062963
2 0.310156 0.555556 0.015104 0.062963
2 0.241927 0.703241 0.016146 0.075000
2 0.704688 0.700000 0.017708 0.079630
0 0.563349 0.394199 0.004823 0.008769
3 0.558164 0.340468 0.010078 0.038343
