2 0.636979 0.517593 0.008333 0.048148
3 0.910156 0.938426 0.022396 0.075000
2 0.525521 0.434259 0.009375 0.038889
2 0.640625 0.522222 0.010417 0.055556
0 0.980729 0.370370 0.008333 0.012963
2 0.402865 0.456019 0.009896 0.045370
2 0.634115 0.411111 0.009896 0.046296
2 0.390885 0.443056 0.009896 0.043519
2 0.572135 0.813426 0.014063 0.076852
2 0.516927 0.480093 0.009896 0.045370
3 0.442188 0.565278 0.011458 0.062037
2 0.437500 0.518519 0.011458 0.053704
2 0.469531 0.494444 0.010937 0.048148
2 0.817969 0.632407 0.015104 0.066667
2 0.349219 0.484259 0.011979 0.053704
2 0.701823 0.467130 0.010937 0.052778
2 0.238021 0.634722 0.012500 0.067593
2 0.376302 0.568056 0.013021 0.058333
2 0.580469 0.608796 0.011979 0.065741
2 0.570052 0.667593 0.016146 0.066667
2 0.294271 0.550926 0.014583 0.059259
2 0.235677 0.798148 0.019271 0.081481
2 0.434375 0.710648 0.014583 0.067593
3 0.404438 0.376625 0.010958 0.040287
0 0.633120 0.431037 0.003740 0.008370
