2 0.576740 0.347894 0.010771 0.038380
2 0.482292 0.366204 0.009375 0.034259
2 0.599479 0.365278 0.010417 0.036111
2 0.490104 0.365278 0.011458 0.036111
2 0.634896 0.387037 0.012500 0.035185
2 0.262760 0.378704 0.017188 0.042593
2 0.536198 0.381019 0.013021 0.036111
1 0.035677 0.467593 0.010937 0.051852
2 0.738542 0.404630 0.013542 0.037037
2 0.452083 0.445370 0.009375 0.046296
2 0.584164 0.438481 0.012078 0.043630
2 0.688542 0.418981 0.011458 0.043519
2 0.479948 0.456481 0.011979 0.044444
2 0.376823 0.524074 0.008854 0.053704
3 0.652344 0.433796 0.016146 0.045370
2 0.796615 0.443981 0.010937 0.047222
2 0.112240 0.603704 0.017188 0.061111
2 0.600781 0.609722 0.020313 0.062037
2 0.266927 0.432870 0.015104 0.043519
3 0.822656 0.883796 0.024479 0.086111
2 0.750781 0.636574 0.011979 0.063889
2 0.797917 0.551852 0.014583 0.061111
3 0.336581 0.335972 0.010661 0.034907
0 0.583680 0.384634 0.006943 0.011861
2 0.583547 0.423093 0.011885 0.042481
