2 0.647917 0.448148 0.008333 0.037037
2 0.666146 0.414815 0.008333 0.038889
2 0.458073 0.397685 0.008854 0.037963
2 0.654687 0.447685 0.008333 0.043519
3 0.934781 0.869935 0.024771 0.088019
2 0.468490 0.469444 0.013021 0.040741
2 0.473438 0.399537 0.008333 0.036111
2 0.513021 0.436111 0.013542 0.038889
2 0.709635 0.421759 0.010937 0.041667
2 0.313281 0.393056 0.011979 0.036111
3 0.549740 0.474074 0.008854 0.048148
1 0.079687 0.415741 0.008333 0.037037
2 0.375260 0.533796 0.011979 0.050926
2 0.616927 0.482870 0.009896 0.045370
2 0.290885 0.433796 0.008854 0.039815
2 0.537760 0.507870 0.009896 0.047222
2 0.784375 0.490741 0.013542 0.050000
2 0.294271 0.498611 0.011458 0.049074
2 0.502344 0.449537 0.016146 0.037963
2 0.684896 0.643981 0.010417 0.056481
2 0.654948 0.575463 0.010937 0.052778
2 0.752083 0.509722 0.011458 0.043519
2 0.749479 0.704630 0.015625 0.064815
3 0.343552 0.367296 0.010021 0.030889
