2 0.654081 0.578079 0.013370 0.050602
2 0.269531 0.517593 0.010937 0.035185
2 0.474219 0.467130 0.008854 0.041667
2 0.360938 0.446296 0.009375 0.033333
2 0.653646 0.585185 0.018750 0.055556
2 0.576562 0.400000 0.010417 0.033333
2 0.313542 0.463426 0.009375 0.037963
2 0.498437 0.438889 0.009375 0.031481
3 0.486458 0.513889 0.009375 0.040741
2 0.804948 0.519907 0.010937 0.039815
2 0.727083 0.457407 0.008333 0.038889
2 0.324740 0.484259 0.008854 0.042593
2 0.270833 0.551852 0.011458 0.051852
2 0.838281 0.556481 0.015104 0.046296
2 0.598177 0.474074 0.009896 0.037037
2 0.403125 0.522222 0.011458 0.046296
1 0.978646 0.506481 0.013542 0.048148
2 0.690104 0.737037 0.017708 0.059259
2 0.479687 0.618981 0.009375 0.049074
2 0.283594 0.806944 0.019271 0.073148
2 0.787500 0.594444 0.014583 0.048148
2 0.236198 0.661574 0.011979 0.056481
3 0.338492 0.390815 0.011359 0.035333
0 0.644964 0.609764 0.005552 0.010269
