2 0.688021 0.422685 0.010417 0.028704
2 0.476302 0.441667 0.009896 0.037037
3 0.537240 0.512037 0.010937 0.042593
2 0.672135 0.483333 0.008854 0.035185
2 0.407813 0.443981 0.007292 0.034259
2 0.830990 0.525926 0.016146 0.046296
2 0.615885 0.450926 0.008854 0.035185
2 0.764323 0.495370 0.010937 0.040741
2 0.355990 0.484259 0.010937 0.040741
2 0.564323 0.476852 0.006771 0.037037
2 0.153385 0.547222 0.009896 0.048148
2 0.397656 0.523611 0.010937 0.039815
2 0.252083 0.488426 0.010417 0.039815
2 0.315625 0.547222 0.009375 0.050000
2 0.713802 0.504630 0.010937 0.038889
2 0.290625 0.625000 0.009375 0.051852
2 0.726042 0.576852 0.008333 0.046296
1 0.965365 0.512500 0.010937 0.047222
2 0.844010 0.568519 0.014063 0.050000
2 0.434635 0.593981 0.011979 0.050926
2 0.499219 0.625463 0.011979 0.050926
2 0.274219 0.741204 0.014063 0.063889
3 0.374555 0.405421 0.008484 0.034917
0 0.824581 0.542514 0.005411 0.010954
