2 0.685417 0.425000 0.017708 0.037037
1 0.783333 0.447222 0.016667 0.033333
2 0.671094 0.422222 0.010937 0.044444
2 0.682813 0.458796 0.017708 0.041667
2 0.552604 0.418981 0.012500 0.043519
2 0.729688 0.455556 0.019792 0.044444
2 0.892448 0.525000 0.015104 0.044444
2 0.546094 0.450000 0.016146 0.046296
3 0.522396 0.471296 0.009375 0.055556
2 0.852344 0.501389 0.011979 0.049074
2 0.600260 0.426852 0.009896 0.040741
2 0.658854 0.468519 0.020833 0.048148
2 0.734635 0.501852 0.010937 0.057407
2 0.632812 0.512963 0.013542 0.057407
2 0.398438 0.431944 0.013542 0.052778
2 0.840885 0.536574 0.015104 0.054630
2 0.626823 0.585648 0.016146 0.062037
2 0.158854 0.486111 0.010417 0.059259
2 0.707031 0.558333 0.011979 0.070370
2 0.198437 0.611574 0.015625 0.071296
2 0.261458 0.559259 0.012500 0.062963
2 0.490365 0.614352 0.017188 0.073148
0 0.897797 0.541588 0.007052 0.014657
