0 0.810417 0.546296 0.005208 0.011111
2 0.616406 0.400463 0.006771 0.032407
2 0.542708 0.435648 0.008333 0.034259
2 0.453125 0.441204 0.009375 0.037963
2 0.559115 0.651852 0.013021 0.048148
3 0.466406 0.499537 0.006771 0.043519
2 0.272135 0.469444 0.013021 0.038889
2 0.755990 0.463426 0.010937 0.041667
1 0.965625 0.499537 0.008333 0.047222
2 0.381250 0.437963 0.008333 0.037037
2 0.576042 0.468519 0.007292 0.038889
2 0.180990 0.531481 0.014063 0.046296
2 0.798958 0.509722 0.013542 0.045370
2 0.319792 0.474537 0.009375 0.041667
2 0.698958 0.568056 0.019792 0.039815
2 0.689063 0.507407 0.009375 0.044444
2 0.238021 0.775926 0.015625 0.068519
2 0.263281 0.623148 0.011979 0.053704
2 0.651563 0.515741 0.009375 0.044444
2 0.446354 0.587963 0.009375 0.050000
2 0.854427 0.562037 0.009896 0.050000
2 0.375260 0.513889 0.014063 0.046296
2 0.280729 0.541667 0.007292 0.050000
3 0.342370 0.389375 0.008698 0.034306
