2 0.995833 0.498148 0.008333 0.048148
2 0.532292 0.647685 0.017708 0.047222
2 0.588281 0.386574 0.009896 0.034259
3 0.450260 0.545370 0.010937 0.048148
2 0.346352 0.454736 0.009370 0.039102
2 0.725781 0.551389 0.024479 0.047222
2 0.465885 0.428241 0.009896 0.036111
2 0.476042 0.480556 0.011458 0.042593
2 0.536458 0.474537 0.010417 0.039815
2 0.721354 0.446296 0.011458 0.042593
2 0.520052 0.667130 0.020313 0.054630
2 0.363802 0.787500 0.016146 0.071296
2 0.825000 0.569907 0.015625 0.052778
2 0.321094 0.477778 0.011979 0.044444
2 0.550260 0.774074 0.021354 0.068519
3 0.978906 0.810648 0.025521 0.073148
2 0.393490 0.530093 0.011979 0.049074
2 0.712500 0.637963 0.016667 0.055556
2 0.314063 0.528704 0.011458 0.051852
2 0.254948 0.552315 0.011979 0.050926
2 0.277083 0.726389 0.018750 0.063889
2 0.479167 0.737500 0.021875 0.060185
0 0.548708 0.793898 0.006792 0.013722
3 0.345862 0.369583 0.008391 0.031759
2 0.345628 0.434546 0.007922 0.035759
