0 0.434896 0.542593 0.005208 0.011111
3 0.409635 0.321759 0.007812 0.032407
2 0.780208 0.487037 0.025000 0.055556
2 0.667448 0.466204 0.017188 0.028704
2 0.408333 0.490278 0.012500 0.054630
2 0.400000 0.519444 0.016667 0.050000
2 0.784115 0.444444 0.016146 0.046296
2 0.401823 0.432407 0.014063 0.046296
2 0.379948 0.375000 0.017188 0.037037
2 0.723958 0.435185 0.012500 0.048148
2 0.859635 0.379630 0.010937 0.044444
2 0.564323 0.426852 0.013021 0.046296
3 0.619531 0.453704 0.014063 0.046296
2 0.235443 0.488023 0.024010 0.053824
2 0.950000 0.471759 0.014583 0.052778
1 0.010937 0.448611 0.012500 0.050926
2 0.345573 0.411111 0.009896 0.048148
2 0.963021 0.497222 0.021875 0.057407
2 0.899479 0.417130 0.012500 0.049074
2 0.660937 0.558333 0.017708 0.053704
2 0.160831 0.440102 0.012286 0.050574
2 0.732552 0.565741 0.016146 0.059259
2 0.279167 0.474537 0.010417 0.054630
2 0.473177 0.476389 0.016146 0.054630
