2 0.665104 0.503704 0.008333 0.035185
2 0.666607 0.481394 0.010297 0.033157
2 0.429948 0.468981 0.006771 0.028704
2 0.486719 0.463426 0.008854 0.028704
2 0.723177 0.458796 0.006771 0.030556
2 0.542448 0.503704 0.006771 0.033333
1 0.097135 0.537037 0.009896 0.044444
2 0.817187 0.537500 0.010417 0.037963
2 0.724706 0.544519 0.013995 0.035333
2 0.408333 0.536111 0.010417 0.040741
3 0.596591 0.531843 0.006724 0.039611
2 0.686719 0.524074 0.007812 0.033333
2 0.651042 0.523611 0.012500 0.037963
2 0.240625 0.519907 0.009375 0.036111
2 0.479167 0.608333 0.008333 0.040741
2 0.348698 0.557407 0.008854 0.040741
1 0.919792 0.525463 0.009375 0.039815
2 0.384115 0.501389 0.008854 0.034259
2 0.683854 0.591667 0.009375 0.042593
2 0.446875 0.588426 0.009375 0.043519
2 0.348177 0.626852 0.008854 0.046296
2 0.364844 0.699537 0.010937 0.050926
2 0.170833 0.570370 0.015625 0.042593
0 0.811518 0.553051 0.004286 0.009806
3 0.404951 0.440806 0.006776 0.026056
