2 0.612562 0.413208 0.012625 0.043083
2 0.551042 0.429630 0.015625 0.044444
2 0.562096 0.406495 0.015859 0.040769
2 0.553906 0.388181 0.010937 0.041176
1 0.151307 0.456931 0.010948 0.056454
2 0.371940 0.469935 0.018880 0.052833
2 0.498177 0.407407 0.010937 0.046296
3 0.878159 0.970370 0.021943 0.059259
2 0.622396 0.410648 0.011458 0.049074
2 0.813594 0.492194 0.021979 0.052907
2 0.465365 0.474074 0.013021 0.048148
2 0.563021 0.598611 0.016667 0.063889
2 0.773698 0.588426 0.013021 0.069444
2 0.285417 0.573148 0.011458 0.059259
2 0.338021 0.506481 0.011458 0.055556
2 0.904948 0.538426 0.013021 0.063889
2 0.314063 0.516204 0.011458 0.060185
2 0.273958 0.608796 0.012500 0.062037
3 0.550521 0.495833 0.015625 0.054630
2 0.446615 0.485648 0.013021 0.052778
2 0.695052 0.479167 0.022396 0.049074
2 0.669792 0.525463 0.012500 0.058333
2 0.740104 0.641204 0.017708 0.073148
0 0.631737 0.456611 0.005141 0.009519
3 0.536008 0.346968 0.010557 0.040231
