2 0.346875 0.425463 0.010417 0.036111
1 0.166146 0.450000 0.009375 0.046296
2 0.752055 0.503069 0.014526 0.056139
2 0.352396 0.426532 0.011042 0.040102
2 0.321615 0.390278 0.011979 0.047222
2 0.245312 0.438426 0.013542 0.045370
2 0.179948 0.468056 0.008854 0.045370
2 0.310677 0.418519 0.011979 0.048148
2 0.473438 0.388889 0.010417 0.042593
2 0.447135 0.444444 0.009896 0.046296
2 0.760938 0.409722 0.012500 0.045370
2 0.751302 0.523611 0.014063 0.062037
2 0.271875 0.449537 0.016667 0.050926
2 0.188802 0.483333 0.013021 0.053704
3 0.386458 0.475000 0.012500 0.051852
2 0.786719 0.419907 0.015104 0.049074
2 0.419531 0.509259 0.011979 0.057407
2 0.313281 0.495833 0.011979 0.054630
2 0.847396 0.465741 0.012500 0.055556
2 0.649219 0.603241 0.018229 0.062037
2 0.506510 0.596759 0.020313 0.065741
0 0.365216 0.441634 0.005432 0.011046
3 0.404219 0.338139 0.008437 0.037389
