2 0.788953 0.324981 0.014365 0.042556
2 0.850260 0.418519 0.009896 0.059259
2 0.779687 0.311574 0.011458 0.045370
2 0.667448 0.237500 0.010937 0.039815
2 0.600000 0.226852 0.017708 0.046296
2 0.685156 0.231019 0.007812 0.037963
1 0.905208 0.337037 0.009375 0.059259
2 0.855469 0.365741 0.009896 0.053704
2 0.544271 0.249074 0.011458 0.042593
2 0.698438 0.289815 0.008333 0.053704
2 0.401042 0.241204 0.014583 0.041667
2 0.814583 0.313426 0.011458 0.054630
3 0.579948 0.279167 0.010937 0.050926
2 0.767969 0.377315 0.011979 0.060185
2 0.886979 0.384722 0.015625 0.060185
2 0.682813 0.327315 0.016667 0.056481
2 0.560937 0.453704 0.015625 0.068519
2 0.271615 0.341667 0.010937 0.062963
2 0.247656 0.347685 0.015104 0.063889
2 0.490104 0.306019 0.014583 0.054630
2 0.161198 0.302315 0.010937 0.058333
0 0.563844 0.267384 0.004771 0.008843
2 0.664802 0.224806 0.010854 0.049611
