3 0.440365 0.067130 0.009896 0.034259
2 0.551042 0.091204 0.011458 0.043519
0 0.810677 0.638889 0.007812 0.012963
2 0.370573 0.192593 0.011979 0.053704
2 0.358594 0.221759 0.007812 0.054630
2 0.290625 0.348148 0.015625 0.072222
2 0.455990 0.387500 0.011979 0.071296
2 0.656510 0.371296 0.009896 0.075926
2 0.495052 0.249074 0.013021 0.061111
2 0.239323 0.446759 0.013021 0.078704
2 0.603385 0.185185 0.011979 0.057407
2 0.420052 0.324074 0.017188 0.062963
2 0.460156 0.547222 0.015104 0.094444
3 0.398438 0.406944 0.015625 0.076852
2 0.447656 0.605556 0.019271 0.088889
2 0.594531 0.318981 0.031771 0.069444
2 0.906250 0.276389 0.015625 0.067593
2 0.263802 0.406944 0.017188 0.078704
2 0.188281 0.670833 0.021354 0.099074
2 0.208854 0.620833 0.021875 0.082407
2 0.671615 0.663426 0.029687 0.093519
2 0.426563 0.876852 0.029167 0.109259
2 0.826042 0.617593 0.038542 0.094444
