1 0.879427 0.345370 0.014063 0.048148
2 0.515094 0.252963 0.009354 0.054074
2 0.837760 0.333977 0.015104 0.051287
2 0.577865 0.221759 0.014063 0.054630
2 0.522396 0.223148 0.012500 0.048148
2 0.521094 0.265278 0.013021 0.052778
2 0.886719 0.376852 0.011979 0.059259
2 0.552083 0.234722 0.013542 0.050926
2 0.722656 0.310185 0.010937 0.048148
2 0.405990 0.312037 0.010937 0.062963
2 0.387240 0.230093 0.009896 0.050926
3 0.460938 0.275926 0.021875 0.059259
2 0.592187 0.329630 0.010417 0.051852
2 0.545833 0.281481 0.012500 0.061111
2 0.842969 0.380093 0.015104 0.065741
2 0.702865 0.303241 0.013021 0.058333
2 0.790885 0.399074 0.011979 0.062963
2 0.741667 0.323148 0.015625 0.066667
2 0.204427 0.339352 0.013021 0.071296
2 0.168490 0.354167 0.021354 0.069444
2 0.464062 0.470833 0.016667 0.076852
2 0.085156 0.290741 0.018229 0.066667
