2 0.557292 0.288426 0.009375 0.034259
2 0.353646 0.270833 0.011458 0.032407
2 0.714844 0.296759 0.009896 0.037963
2 0.751823 0.281481 0.008854 0.037037
2 0.788802 0.305093 0.010937 0.043519
2 0.657292 0.327778 0.010417 0.044444
2 0.200000 0.373611 0.009375 0.045370
2 0.873177 0.417593 0.010937 0.055556
2 0.169271 0.339815 0.009375 0.044444
2 0.760417 0.367130 0.011458 0.043519
2 0.690104 0.443519 0.010417 0.055556
2 0.819271 0.335648 0.012500 0.045370
2 0.337109 0.400130 0.014844 0.044704
2 0.670833 0.381944 0.013542 0.050926
3 0.518750 0.375926 0.009375 0.048148
1 0.095833 0.393519 0.015625 0.048148
2 0.891667 0.557870 0.018750 0.062037
2 0.854167 0.618519 0.015625 0.074074
2 0.815104 0.477778 0.014583 0.061111
2 0.539062 0.570370 0.019792 0.064815
2 0.472135 0.745370 0.025521 0.075926
0 0.351742 0.420676 0.006609 0.011722
3 0.314523 0.229694 0.008214 0.031611
2 0.610122 0.235250 0.011911 0.031611
