2 0.718490 0.373148 0.011979 0.055556
2 0.544010 0.290741 0.010937 0.042593
2 0.692187 0.386574 0.011458 0.054630
2 0.820052 0.478704 0.015104 0.068519
2 0.599740 0.331944 0.010937 0.050926
1 0.953125 0.436111 0.012500 0.064815
2 0.502083 0.298148 0.011458 0.046296
2 0.442448 0.305556 0.015104 0.050000
2 0.474578 0.393389 0.014781 0.059000
2 0.911719 0.478241 0.022396 0.065741
2 0.555990 0.485648 0.020313 0.067593
2 0.427865 0.376389 0.014063 0.062037
2 0.736198 0.402778 0.021354 0.062963
2 0.640104 0.433796 0.013542 0.063889
2 0.826042 0.416667 0.013542 0.062963
2 0.807552 0.511574 0.019271 0.067593
2 0.892188 0.465278 0.017708 0.065741
3 0.444271 0.371759 0.012500 0.063889
2 0.085417 0.481481 0.016667 0.070370
2 0.675260 0.525463 0.021354 0.076852
2 0.417708 0.480093 0.020833 0.071296
0 0.530982 0.305565 0.004672 0.009278
2 0.738404 0.367264 0.014307 0.053046
