2 0.607656 0.176329 0.016354 0.034139
3 0.933594 0.981019 0.014063 0.037963
2 0.540365 0.233333 0.015104 0.037037
3 0.484635 0.167130 0.008854 0.030556
2 0.695833 0.238889 0.012500 0.038889
2 0.549740 0.237963 0.013021 0.044444
2 0.641146 0.213889 0.010417 0.040741
1 0.031510 0.332870 0.013021 0.058333
2 0.692969 0.270370 0.016146 0.048148
2 0.559115 0.276389 0.010937 0.050926
2 0.665365 0.252315 0.016146 0.043519
2 0.527865 0.285648 0.009896 0.052778
2 0.429948 0.274537 0.010937 0.050926
2 0.394271 0.331944 0.011458 0.062037
2 0.360938 0.342593 0.011458 0.059259
2 0.559375 0.362037 0.012500 0.059259
2 0.764323 0.308796 0.011979 0.058333
3 0.529427 0.359722 0.011979 0.062037
2 0.343750 0.397222 0.013542 0.066667
2 0.524740 0.514352 0.016146 0.069444
2 0.424740 0.430093 0.013021 0.063889
2 0.877865 0.412963 0.017188 0.066667
2 0.295312 0.451852 0.012500 0.066667
2 0.441927 0.693056 0.021354 0.093519
0 0.691495 0.257361 0.004865 0.009167
