0 0.822396 0.683333 0.008333 0.011111
3 0.431510 0.175926 0.009896 0.031481
2 0.504687 0.200926 0.007292 0.037037
1 0.015885 0.337037 0.015104 0.046296
2 0.375521 0.291204 0.008333 0.041667
2 0.499219 0.330093 0.010937 0.049074
2 0.561719 0.267130 0.006771 0.039815
2 0.387500 0.264352 0.008333 0.043519
2 0.325000 0.394907 0.008333 0.056481
2 0.361198 0.451852 0.009896 0.059259
2 0.407813 0.363426 0.009375 0.049074
2 0.282552 0.487500 0.009896 0.062037
2 0.314323 0.434259 0.013021 0.059259
2 0.569271 0.394444 0.013542 0.055556
3 0.403646 0.457407 0.010417 0.059259
2 0.610156 0.419907 0.011979 0.058333
2 0.768750 0.315741 0.012500 0.048148
2 0.478125 0.505093 0.010417 0.065741
2 0.305469 0.609722 0.018229 0.069444
2 0.390104 0.553704 0.014583 0.064815
2 0.213542 0.678241 0.013542 0.080556
2 0.830208 0.665741 0.023958 0.081481
2 0.548698 0.756481 0.017188 0.083333
2 0.571615 0.643981 0.024479 0.063889
3 0.939583 0.832407 0.028125 0.094444
