2 0.595573 0.178241 0.010937 0.039815
3 0.991146 0.976852 0.014583 0.044444
2 0.349740 0.456481 0.019271 0.072222
2 0.374740 0.343056 0.014063 0.058333
2 0.393750 0.290741 0.015625 0.051852
2 0.712760 0.355093 0.014063 0.058333
2 0.576823 0.240278 0.007812 0.047222
2 0.342969 0.402778 0.015104 0.062963
2 0.782031 0.282407 0.015104 0.050000
3 0.475260 0.434259 0.013021 0.068519
2 0.274740 0.555556 0.019271 0.077778
2 0.464583 0.350926 0.011458 0.055556
2 0.632552 0.446759 0.018229 0.073148
2 0.317708 0.434722 0.014583 0.063889
2 0.633854 0.374537 0.013542 0.060185
2 0.514062 0.315278 0.011458 0.054630
2 0.806250 0.480093 0.016667 0.076852
2 0.446354 0.369907 0.014583 0.065741
2 0.508073 0.568981 0.016146 0.078704
2 0.392188 0.512963 0.017708 0.072222
2 0.428646 0.891667 0.020833 0.120370
2 0.395221 0.273606 0.011276 0.049065
3 0.472203 0.160241 0.008990 0.040852
0 0.745935 0.313843 0.005411 0.011019
