2 0.461458 0.381019 0.008333 0.034259
0 0.254948 0.556944 0.005729 0.010185
2 0.570833 0.300000 0.007292 0.033333
2 0.463802 0.398611 0.009896 0.041667
2 0.433854 0.335185 0.007292 0.035185
2 0.546354 0.602778 0.016667 0.051852
2 0.587760 0.354167 0.007812 0.037963
2 0.494792 0.374537 0.008333 0.043519
2 0.603646 0.435648 0.010417 0.045370
2 0.620573 0.403704 0.008854 0.042593
2 0.741927 0.544444 0.010937 0.048148
1 0.925000 0.413889 0.012500 0.046296
2 0.558333 0.335648 0.008333 0.037963
2 0.666406 0.447685 0.013021 0.047222
2 0.224740 0.383796 0.008854 0.041667
2 0.645052 0.418056 0.011979 0.047222
2 0.525521 0.486111 0.010417 0.051852
2 0.225260 0.469444 0.013021 0.048148
2 0.336198 0.473148 0.009896 0.050000
3 0.478385 0.397685 0.013021 0.041667
2 0.236719 0.562963 0.015104 0.057407
2 0.826823 0.730556 0.019271 0.059259
3 0.952604 0.857870 0.029167 0.084259
3 0.253271 0.291444 0.008625 0.032889
2 0.512406 0.286065 0.010229 0.035093
