0 0.408333 0.471759 0.006250 0.010185
2 0.611198 0.195370 0.007812 0.035185
2 0.612760 0.333333 0.014063 0.050000
3 0.508099 0.328454 0.020365 0.051352
2 0.257292 0.258333 0.011458 0.044444
2 0.513802 0.269907 0.014063 0.045370
2 0.738542 0.286111 0.010417 0.048148
2 0.663281 0.321759 0.014063 0.047222
2 0.633333 0.393056 0.015625 0.060185
2 0.714583 0.257870 0.013542 0.045370
2 0.784115 0.323148 0.010937 0.053704
2 0.126042 0.368981 0.013542 0.056481
2 0.391146 0.438426 0.025000 0.058333
2 0.659375 0.475463 0.019792 0.058333
2 0.090365 0.387500 0.017188 0.058333
2 0.748437 0.399537 0.014583 0.052778
2 0.815365 0.416204 0.018229 0.060185
2 0.659115 0.871296 0.032813 0.090741
2 0.815365 0.533796 0.017188 0.071296
2 0.567969 0.585648 0.022396 0.073148
2 0.696094 0.536574 0.018229 0.071296
2 0.883594 0.537037 0.016146 0.064815
3 0.261091 0.192977 0.012807 0.039657
