2 0.320018 0.218153 0.012953 0.052972
0 0.805990 0.318981 0.005729 0.010185
3 0.413021 0.077315 0.009375 0.045370
2 0.396633 0.371532 0.015141 0.072694
2 0.534896 0.089352 0.010417 0.045370
2 0.155208 0.625463 0.027083 0.091667
2 0.320573 0.233796 0.010937 0.063889
2 0.477604 0.242130 0.010417 0.062037
3 0.393898 0.387352 0.013839 0.072852
2 0.569531 0.175000 0.009896 0.053704
2 0.819010 0.287037 0.019271 0.064815
2 0.435937 0.303241 0.016667 0.056481
2 0.158333 0.582407 0.027083 0.083333
2 0.271354 0.325926 0.014583 0.066667
2 0.540104 0.290741 0.012500 0.066667
2 0.655208 0.302778 0.013542 0.068519
2 0.240625 0.394444 0.014583 0.074074
2 0.389323 0.462963 0.020313 0.075926
2 0.228646 0.412500 0.021875 0.076852
2 0.835938 0.510185 0.022917 0.088889
2 0.644531 0.523148 0.023438 0.083333
2 0.386458 0.557407 0.022917 0.085185
2 0.322917 0.899537 0.030208 0.112037
