2 0.601042 0.349537 0.012500 0.050926
2 0.633333 0.387037 0.017708 0.042593
1 0.744531 0.435648 0.014063 0.049074
2 0.736198 0.458796 0.017188 0.067593
2 0.546875 0.375926 0.011458 0.057407
2 0.762760 0.478704 0.014063 0.061111
2 0.515885 0.482407 0.016146 0.064815
2 0.672656 0.484722 0.025521 0.065741
2 0.730990 0.517130 0.027604 0.078704
2 0.359620 0.385727 0.021323 0.064046
2 0.695833 0.442593 0.022917 0.057407
3 0.252083 0.344907 0.015625 0.062037
2 0.579688 0.447222 0.016667 0.072222
2 0.477865 0.368981 0.026562 0.063889
2 0.619531 0.425463 0.021354 0.060185
2 0.581510 0.489815 0.028646 0.061111
2 0.380469 0.459259 0.011979 0.075926
2 0.232552 0.330093 0.015104 0.062037
2 0.438802 0.520370 0.016146 0.081481
2 0.721094 0.562037 0.023438 0.096296
2 0.084635 0.551852 0.024479 0.083333
0 0.609029 0.374301 0.006599 0.009713
