2 0.651823 0.353704 0.006771 0.029630
2 0.471354 0.373611 0.009375 0.036111
2 0.800781 0.402778 0.009896 0.035185
3 0.651823 0.412037 0.013021 0.040741
2 0.564583 0.381481 0.008333 0.035185
1 0.084896 0.490278 0.012500 0.047222
2 0.808854 0.424074 0.009375 0.035185
2 0.320052 0.396296 0.007812 0.035185
2 0.469010 0.453704 0.008854 0.046296
2 0.685156 0.442593 0.008854 0.044444
2 0.630729 0.437500 0.009375 0.045370
2 0.200521 0.468056 0.012500 0.041667
2 0.244792 0.470833 0.009375 0.049074
2 0.841927 0.437500 0.011979 0.041667
2 0.653646 0.529167 0.011458 0.054630
2 0.410677 0.507407 0.014063 0.053704
2 0.844010 0.561574 0.014063 0.062037
2 0.865885 0.537037 0.015104 0.057407
2 0.597917 0.688889 0.015625 0.077778
2 0.580729 0.570833 0.017708 0.058333
2 0.890625 0.607870 0.015625 0.067593
2 0.471615 0.616667 0.011979 0.072222
0 0.094995 0.518014 0.005615 0.011954
3 0.418018 0.325361 0.006870 0.028500
