1 0.213021 0.338889 0.008333 0.037037
2 0.432552 0.312500 0.008854 0.036111
2 0.438021 0.324537 0.007292 0.028704
2 0.345833 0.331481 0.010417 0.038889
2 0.315625 0.339352 0.009375 0.034259
2 0.351562 0.358796 0.010417 0.037963
2 0.419010 0.362963 0.010937 0.038889
2 0.727865 0.343519 0.007812 0.038889
2 0.300521 0.341204 0.008333 0.037963
2 0.290104 0.377315 0.009375 0.041667
2 0.278646 0.368056 0.008333 0.041667
2 0.588802 0.353704 0.010937 0.044444
2 0.496615 0.339815 0.007812 0.037037
3 0.469271 0.362037 0.011458 0.040741
2 0.528906 0.366204 0.008854 0.043519
2 0.894271 0.381944 0.007292 0.045370
2 0.850781 0.365278 0.013021 0.041667
2 0.899740 0.448148 0.016146 0.059259
2 0.859896 0.464352 0.010417 0.060185
2 0.864583 0.489815 0.015625 0.064815
2 0.367122 0.317273 0.011328 0.025287
2 0.376781 0.313935 0.011896 0.031574
0 0.382880 0.326583 0.003260 0.006870
3 0.437875 0.272190 0.007000 0.027713
