0 0.400260 0.376852 0.004687 0.011111
3 0.138281 0.286148 0.008854 0.038963
2 0.667448 0.320370 0.008854 0.038889
2 0.444531 0.298148 0.007812 0.029630
2 0.511755 0.278361 0.006844 0.034500
2 0.548937 0.291917 0.010375 0.039389
2 0.469271 0.271759 0.006250 0.032407
2 0.586198 0.292130 0.007812 0.036111
1 0.857292 0.316667 0.011458 0.040741
2 0.348438 0.277315 0.007292 0.030556
2 0.358854 0.279167 0.008333 0.034259
2 0.313021 0.294444 0.009375 0.035185
3 0.441146 0.325463 0.009375 0.043519
2 0.580208 0.294444 0.007292 0.035185
2 0.139583 0.312500 0.010417 0.045370
2 0.156250 0.310565 0.010417 0.041500
2 0.120052 0.358333 0.010937 0.044444
2 0.476042 0.304167 0.008333 0.041667
2 0.128906 0.393981 0.009896 0.049074
2 0.649102 0.325000 0.011745 0.046296
2 0.465104 0.326389 0.010417 0.041667
2 0.251823 0.412037 0.023438 0.051852
2 0.665365 0.344444 0.010937 0.048148
2 0.439193 0.345903 0.013802 0.032546
