2 0.346875 0.331019 0.007292 0.034259
1 0.198698 0.343056 0.009896 0.036111
2 0.341406 0.345370 0.007812 0.035185
3 0.420052 0.277315 0.006771 0.026852
2 0.441406 0.310648 0.005729 0.028704
2 0.327344 0.326852 0.007812 0.037037
2 0.684115 0.319444 0.007812 0.027778
2 0.500521 0.317130 0.007292 0.034259
2 0.296875 0.346296 0.012500 0.038889
2 0.362760 0.354167 0.008854 0.036111
2 0.329948 0.381019 0.013021 0.041667
2 0.387500 0.327315 0.008333 0.039815
2 0.499362 0.358361 0.008099 0.042648
2 0.564844 0.322685 0.007812 0.037963
2 0.265625 0.371296 0.009375 0.044444
2 0.800260 0.347222 0.007812 0.038889
2 0.767448 0.340741 0.011979 0.035185
2 0.815885 0.455093 0.011979 0.058333
2 0.799740 0.437963 0.011979 0.057407
2 0.866667 0.412037 0.012500 0.051852
3 0.964844 0.871759 0.025521 0.112037
3 0.500521 0.342065 0.017708 0.039685
2 0.463898 0.288912 0.011130 0.027824
2 0.475997 0.296347 0.009286 0.031583
0 0.482557 0.298468 0.004698 0.008046
