2 0.594010 0.349537 0.006771 0.030556
2 0.620313 0.424074 0.008333 0.048148
2 0.615526 0.433250 0.013344 0.042426
2 0.823177 0.433796 0.008854 0.043519
2 0.521354 0.373148 0.006250 0.031481
2 0.407813 0.370370 0.007292 0.033333
2 0.770312 0.393056 0.008333 0.036111
2 0.747917 0.402778 0.010417 0.038889
3 0.654948 0.406019 0.010937 0.041667
2 0.418229 0.507407 0.011458 0.053704
2 0.643229 0.502315 0.009375 0.052778
2 0.867969 0.525926 0.011979 0.057407
2 0.341667 0.396759 0.008333 0.041667
2 0.432812 0.429167 0.009375 0.041667
1 0.080469 0.459259 0.017188 0.046296
2 0.822656 0.531481 0.013021 0.061111
2 0.204427 0.446759 0.008854 0.045370
2 0.471094 0.623611 0.014063 0.065741
2 0.419792 0.594444 0.014583 0.062963
2 0.855729 0.580093 0.015625 0.062037
2 0.453906 0.531481 0.015104 0.051852
0 0.255391 0.538028 0.007656 0.014944
2 0.315385 0.433042 0.015146 0.038306
3 0.368122 0.324532 0.007078 0.028694
