2 0.411198 0.327778 0.006771 0.031481
2 0.704688 0.389352 0.008333 0.036111
2 0.402083 0.435185 0.008333 0.042593
2 0.254688 0.475000 0.008333 0.044444
2 0.418667 0.378782 0.006083 0.037194
1 0.877865 0.449537 0.009896 0.041667
2 0.350260 0.699537 0.014063 0.062037
2 0.286458 0.463889 0.010417 0.042593
3 0.367708 0.492130 0.009375 0.049074
2 0.282552 0.395370 0.008854 0.038889
2 0.444271 0.409259 0.009375 0.038889
2 0.667188 0.568981 0.010417 0.050926
2 0.352083 0.561111 0.010417 0.051852
2 0.564583 0.674074 0.011458 0.055556
2 0.624219 0.459259 0.009896 0.046296
2 0.276042 0.574537 0.011458 0.054630
2 0.221354 0.568519 0.010417 0.057407
2 0.264844 0.687037 0.016146 0.061111
2 0.741406 0.751389 0.009896 0.067593
3 0.976823 0.745833 0.020313 0.065741
2 0.857812 0.608333 0.012500 0.059259
2 0.532552 0.509722 0.010937 0.047222
2 0.190885 0.613889 0.013021 0.062963
0 0.706940 0.414921 0.004505 0.007620
3 0.256615 0.313306 0.005938 0.028463
