2 0.805729 0.302315 0.009375 0.026852
2 0.718750 0.299074 0.007292 0.029630
2 0.402344 0.406944 0.009896 0.047222
1 0.020833 0.430093 0.009375 0.049074
2 0.884464 0.424778 0.013719 0.044000
2 0.561719 0.324074 0.006771 0.035185
2 0.599219 0.374537 0.007812 0.039815
2 0.405729 0.500926 0.010417 0.055556
2 0.504948 0.458796 0.007812 0.047222
2 0.680208 0.359722 0.011458 0.037963
2 0.629167 0.371296 0.009375 0.038889
2 0.408594 0.367130 0.007812 0.041667
3 0.611719 0.423611 0.011979 0.045370
2 0.526823 0.478241 0.009896 0.050926
2 0.822396 0.511111 0.014583 0.051852
2 0.409375 0.573148 0.015625 0.057407
2 0.802344 0.420370 0.013021 0.044444
2 0.555729 0.706019 0.013542 0.065741
2 0.590885 0.707870 0.017188 0.069444
2 0.823958 0.645370 0.021875 0.062963
2 0.880674 0.413134 0.012391 0.044787
0 0.796867 0.313236 0.003109 0.006102
3 0.399904 0.286542 0.008141 0.030491
