2 0.676823 0.418056 0.011979 0.039815
2 0.883333 0.480093 0.015625 0.045370
2 0.622656 0.422222 0.006771 0.042593
2 0.865104 0.487037 0.011458 0.048148
2 0.529948 0.478704 0.013021 0.046296
2 0.574740 0.501389 0.007812 0.049074
2 0.417448 0.374537 0.007812 0.032407
2 0.234375 0.580556 0.009375 0.053704
3 0.510156 0.451389 0.010937 0.043519
2 0.687760 0.594444 0.009896 0.059259
2 0.174219 0.451389 0.010937 0.041667
2 0.196354 0.434722 0.009375 0.041667
2 0.410938 0.422685 0.012500 0.041667
2 0.458594 0.583796 0.010937 0.054630
2 0.603646 0.701852 0.020833 0.064815
2 0.364583 0.530093 0.012500 0.052778
2 0.111979 0.706944 0.017708 0.069444
2 0.535677 0.630556 0.011979 0.061111
2 0.107813 0.541667 0.014583 0.053704
2 0.128906 0.805093 0.018229 0.078704
2 0.440104 0.742593 0.025000 0.066667
3 0.080188 0.355917 0.011417 0.039611
