3 0.111458 0.269444 0.008333 0.033333
1 0.833594 0.343056 0.016146 0.036111
2 0.653151 0.356153 0.012552 0.040083
2 0.350000 0.334259 0.009375 0.042593
3 0.476562 0.379630 0.009375 0.046296
2 0.525781 0.413889 0.010937 0.046296
2 0.407031 0.456944 0.008854 0.056481
2 0.398958 0.452778 0.015625 0.057407
2 0.146875 0.466667 0.011458 0.059259
2 0.677604 0.362500 0.016667 0.039815
2 0.202344 0.743056 0.015104 0.076852
2 0.729948 0.410648 0.017188 0.047222
2 0.564063 0.389352 0.014583 0.047222
2 0.510677 0.366204 0.016146 0.047222
2 0.544792 0.443519 0.010417 0.053704
2 0.111979 0.602315 0.017708 0.071296
2 0.164583 0.454167 0.016667 0.052778
2 0.425521 0.506944 0.012500 0.058333
2 0.739583 0.512037 0.014583 0.053704
2 0.132292 0.720833 0.020833 0.084259
2 0.385156 0.594907 0.023438 0.060185
2 0.659596 0.349245 0.010859 0.037380
2 0.649846 0.344824 0.015318 0.047056
