2 0.395833 0.400926 0.008333 0.042593
2 0.375260 0.432407 0.009896 0.040741
2 0.403982 0.407032 0.014214 0.041843
2 0.476562 0.339815 0.010417 0.033333
2 0.654948 0.410185 0.008854 0.040741
2 0.445573 0.540278 0.014063 0.050926
2 0.665365 0.418519 0.008854 0.038889
2 0.578906 0.388426 0.009896 0.037963
2 0.485677 0.421296 0.009896 0.038889
2 0.385417 0.437500 0.010417 0.047222
2 0.638281 0.503704 0.009896 0.051852
3 0.458594 0.468519 0.008854 0.046296
2 0.721615 0.363426 0.008854 0.037963
2 0.557031 0.390278 0.009896 0.037963
2 0.343490 0.484259 0.011979 0.050000
1 0.086458 0.420833 0.014583 0.047222
2 0.418229 0.498148 0.017708 0.048148
3 0.988802 0.909259 0.022396 0.081481
2 0.295573 0.658333 0.013021 0.059259
2 0.644271 0.703704 0.014583 0.068519
2 0.841667 0.507407 0.011458 0.050000
2 0.253125 0.819907 0.016667 0.078704
3 0.438247 0.282338 0.007745 0.027639
2 0.593128 0.311125 0.008130 0.035213
