2 0.115885 0.985185 0.017188 0.027778
2 0.512240 0.387963 0.010937 0.035185
2 0.427083 0.370278 0.008333 0.035000
2 0.588021 0.410648 0.013542 0.036111
2 0.257812 0.793981 0.013542 0.078704
2 0.796615 0.556944 0.021354 0.049074
2 0.623437 0.558796 0.016667 0.050926
2 0.659896 0.519444 0.013542 0.051852
2 0.537240 0.424074 0.008854 0.042593
2 0.343229 0.596759 0.012500 0.060185
2 0.330729 0.437963 0.010417 0.038889
2 0.227865 0.542130 0.013021 0.054630
2 0.256510 0.725926 0.016146 0.072222
3 0.489583 0.507407 0.013542 0.051852
2 0.639844 0.703704 0.019271 0.068519
2 0.603385 0.682870 0.011979 0.063889
2 0.705469 0.538426 0.011979 0.050926
2 0.704427 0.467130 0.016146 0.045370
2 0.684896 0.624074 0.015625 0.055556
2 0.622396 0.617130 0.014583 0.060185
2 0.860156 0.602315 0.020313 0.054630
2 0.522917 0.565278 0.011458 0.060185
0 0.869055 0.533532 0.004776 0.009657
1 0.845419 0.429074 0.021047 0.034074
3 0.181893 0.328981 0.008578 0.035741
