3 0.480990 0.289815 0.006771 0.027778
2 0.502604 0.350926 0.010417 0.035185
2 0.634635 0.333796 0.007812 0.032407
2 0.556250 0.598611 0.014583 0.043519
2 0.616927 0.450926 0.006771 0.042593
2 0.395313 0.438426 0.010417 0.045370
2 0.283073 0.674537 0.010937 0.050926
2 0.787500 0.392593 0.009375 0.038889
2 0.514323 0.463426 0.009896 0.045370
2 0.673958 0.415278 0.006250 0.039815
2 0.402604 0.406944 0.009375 0.047222
2 0.650000 0.754630 0.014583 0.074074
2 0.283594 0.728241 0.015104 0.067593
2 0.384115 0.496296 0.010937 0.048148
2 0.627865 0.476852 0.008854 0.050000
2 0.692187 0.523611 0.013542 0.045370
1 0.167187 0.406481 0.010417 0.042593
3 0.973698 0.962500 0.017188 0.075000
2 0.374479 0.496296 0.008333 0.051852
2 0.492708 0.397685 0.007292 0.039815
3 0.473177 0.479167 0.010937 0.050926
2 0.445573 0.529630 0.013021 0.050000
2 0.834896 0.548611 0.020833 0.052778
0 0.834672 0.570491 0.005802 0.011352
