2 0.785802 0.378630 0.008063 0.044296
2 0.777865 0.346296 0.007812 0.037037
2 0.790365 0.367593 0.010937 0.046296
2 0.744010 0.523148 0.008854 0.053704
2 0.566927 0.281019 0.006771 0.032407
2 0.174987 0.377769 0.014557 0.040722
2 0.754948 0.513889 0.009896 0.051852
2 0.480990 0.623611 0.009896 0.058333
2 0.295312 0.329167 0.009375 0.037963
2 0.790365 0.485185 0.008854 0.055556
3 0.579427 0.381019 0.008854 0.043519
2 0.652344 0.395833 0.009896 0.043519
2 0.084896 0.456481 0.011458 0.050000
2 0.694531 0.358333 0.008854 0.037037
2 0.419010 0.382870 0.007812 0.043519
2 0.530469 0.318056 0.007812 0.036111
2 0.730469 0.621759 0.019271 0.062037
3 0.860156 0.924537 0.022396 0.087963
2 0.356250 0.775000 0.019792 0.074074
2 0.780990 0.575926 0.014063 0.059259
2 0.669271 0.645833 0.015625 0.067593
2 0.351562 0.446759 0.012500 0.052778
2 0.407031 0.442130 0.013021 0.052778
0 0.183479 0.395782 0.005500 0.010083
3 0.362174 0.241352 0.008724 0.034556
