2 0.598698 0.299537 0.008854 0.030556
2 0.511198 0.327778 0.007812 0.033333
2 0.601302 0.362037 0.006771 0.035185
2 0.424893 0.381519 0.008120 0.038963
2 0.490104 0.447222 0.009375 0.046296
2 0.631250 0.384722 0.008333 0.036111
2 0.552083 0.399537 0.009375 0.039815
2 0.372917 0.631019 0.011458 0.060185
2 0.514062 0.480093 0.009375 0.047222
2 0.697917 0.401852 0.010417 0.038889
2 0.727865 0.341204 0.007812 0.036111
2 0.416667 0.412500 0.009375 0.043519
2 0.711198 0.453241 0.009896 0.047222
2 0.387240 0.462037 0.009896 0.048148
2 0.722656 0.386574 0.006771 0.037963
2 0.398958 0.459259 0.007292 0.051852
2 0.916406 0.475000 0.008854 0.044444
2 0.504687 0.492130 0.012500 0.047222
1 0.084115 0.412963 0.011979 0.044444
2 0.731250 0.681019 0.015625 0.067593
2 0.354167 0.793056 0.016667 0.073148
0 0.903008 0.493926 0.004974 0.010074
2 0.440341 0.283968 0.006724 0.029046
2 0.422529 0.375718 0.008599 0.038472
