2 0.888802 0.487500 0.009896 0.039815
2 0.878125 0.488889 0.012500 0.044444
2 0.434375 0.381944 0.008333 0.034259
3 0.513021 0.459259 0.008333 0.044444
2 0.687500 0.426389 0.008333 0.043519
2 0.567448 0.488426 0.009896 0.049074
2 0.602344 0.417593 0.007812 0.038889
2 0.193490 0.456019 0.010937 0.039815
2 0.444010 0.427778 0.010937 0.040741
2 0.626302 0.511111 0.010937 0.051852
2 0.294271 0.404630 0.012500 0.037037
2 0.640625 0.548611 0.014583 0.050926
2 0.486719 0.625000 0.011979 0.059259
2 0.178125 0.831481 0.019792 0.081481
2 0.133073 0.556481 0.013021 0.055556
2 0.648958 0.649537 0.011458 0.060185
2 0.526563 0.661111 0.016667 0.062963
2 0.417708 0.540278 0.009375 0.052778
2 0.254167 0.583796 0.011458 0.054630
2 0.560156 0.671296 0.010937 0.057407
2 0.148958 0.729630 0.020833 0.074074
3 0.081820 0.353690 0.008432 0.035157
