2 0.329427 0.357870 0.009896 0.032407
1 0.908854 0.369444 0.009375 0.033333
2 0.431250 0.371296 0.014583 0.037037
2 0.541927 0.322222 0.007812 0.033333
2 0.638542 0.394444 0.014583 0.037037
2 0.579948 0.403704 0.013021 0.037037
2 0.441667 0.465741 0.009375 0.046296
3 0.478906 0.442130 0.014063 0.045370
2 0.723177 0.410648 0.007812 0.047222
2 0.707031 0.555093 0.015104 0.049074
2 0.312240 0.415741 0.007812 0.046296
2 0.513802 0.507870 0.008854 0.052778
2 0.278385 0.436111 0.014063 0.048148
3 0.938281 0.755556 0.024479 0.077778
2 0.213802 0.560185 0.010937 0.059259
2 0.773438 0.533796 0.013542 0.058333
2 0.614062 0.510185 0.011458 0.051852
2 0.629167 0.475926 0.010417 0.046296
2 0.426823 0.482407 0.018229 0.046296
2 0.541146 0.493519 0.014583 0.051852
2 0.285156 0.672222 0.021354 0.061111
2 0.378385 0.590278 0.018229 0.054630
2 0.206510 0.668519 0.023438 0.066667
0 0.604602 0.479398 0.005036 0.012500
3 0.268594 0.258384 0.009062 0.033435
