3 0.125521 0.244907 0.009375 0.039815
2 0.545312 0.246759 0.011458 0.041667
2 0.297396 0.259722 0.011458 0.041667
2 0.570331 0.277134 0.010453 0.039454
2 0.560125 0.342194 0.010875 0.045500
2 0.321615 0.274074 0.008854 0.035185
2 0.381771 0.360185 0.010417 0.046296
2 0.620052 0.292130 0.011979 0.043519
2 0.408594 0.290278 0.009896 0.047222
2 0.323437 0.320370 0.014583 0.040741
2 0.072656 0.312037 0.009896 0.050000
2 0.695573 0.367130 0.009896 0.050926
2 0.466927 0.298148 0.015104 0.042593
3 0.526563 0.341204 0.011458 0.050926
2 0.294531 0.418519 0.013021 0.062963
2 0.445052 0.556019 0.015104 0.069444
2 0.704948 0.414815 0.014063 0.057407
2 0.667708 0.395370 0.018750 0.057407
2 0.043229 0.462037 0.016667 0.066667
2 0.295052 0.693056 0.025521 0.080556
0 0.264987 0.288843 0.004974 0.009167
2 0.558268 0.324505 0.010286 0.049009
2 0.571768 0.255755 0.008120 0.039287
