2 0.361198 0.589815 0.009896 0.038889
0 0.529687 0.728704 0.006250 0.011111
2 0.421615 0.373148 0.008854 0.040741
2 0.363542 0.633333 0.022917 0.064815
2 0.197917 0.705556 0.011458 0.064815
2 0.642708 0.387037 0.008333 0.038889
1 0.142708 0.412500 0.014583 0.043519
2 0.453906 0.562963 0.010937 0.051852
2 0.441667 0.425000 0.008333 0.044444
2 0.236719 0.592130 0.009896 0.060185
2 0.353385 0.414352 0.011979 0.045370
2 0.339062 0.420833 0.009375 0.045370
2 0.303906 0.486574 0.008854 0.050926
3 0.453385 0.500463 0.011979 0.049074
3 0.834375 0.939815 0.019792 0.081481
2 0.207292 0.609722 0.014583 0.062037
2 0.757031 0.643981 0.016146 0.063889
2 0.404427 0.686111 0.023438 0.068519
2 0.733594 0.467593 0.011979 0.050000
2 0.598958 0.509259 0.015625 0.046296
2 0.377604 0.739815 0.011458 0.072222
2 0.539062 0.704630 0.011458 0.068519
2 0.506250 0.574537 0.012500 0.054630
2 0.684115 0.622685 0.013021 0.067593
3 0.454180 0.291671 0.009401 0.031491
