2 0.659635 0.307407 0.009896 0.027778
2 0.407031 0.444907 0.007812 0.043519
2 0.634896 0.361111 0.009375 0.037037
2 0.539583 0.322685 0.009375 0.034259
2 0.597396 0.380093 0.008333 0.037963
2 0.445109 0.374977 0.011052 0.038843
2 0.746094 0.329167 0.008854 0.036111
2 0.428125 0.395833 0.007292 0.041667
2 0.506771 0.441667 0.010417 0.048148
2 0.773698 0.372685 0.010937 0.037963
2 0.406510 0.490741 0.010937 0.055556
1 0.071615 0.412037 0.009896 0.046296
2 0.552083 0.472222 0.010417 0.050000
2 0.709896 0.402315 0.009375 0.039815
2 0.673698 0.381481 0.006771 0.040741
3 0.521354 0.425463 0.007292 0.045370
2 0.923438 0.461111 0.011458 0.048148
2 0.803125 0.435648 0.013542 0.049074
2 0.395052 0.621296 0.015104 0.057407
2 0.757031 0.647222 0.014063 0.064815
2 0.443229 0.717593 0.019792 0.066667
0 0.762997 0.388523 0.005161 0.010380
2 0.446576 0.365315 0.009818 0.043593
3 0.447888 0.283472 0.007234 0.029907
