2 0.820312 0.384259 0.011458 0.064815
2 0.685417 0.379167 0.008333 0.043519
2 0.817596 0.393972 0.009151 0.049056
2 0.684323 0.417569 0.011354 0.044398
2 0.783594 0.343981 0.009896 0.037963
1 0.148438 0.367593 0.013542 0.044444
2 0.511458 0.300463 0.008333 0.036111
2 0.819271 0.509259 0.013542 0.059259
2 0.494271 0.318981 0.008333 0.036111
2 0.315365 0.390278 0.009896 0.045370
2 0.728646 0.513426 0.008333 0.052778
2 0.430990 0.490278 0.013021 0.054630
3 0.933854 0.935648 0.020833 0.087963
2 0.461458 0.419444 0.015625 0.040741
2 0.789323 0.644444 0.014063 0.070370
2 0.776042 0.556481 0.011458 0.059259
2 0.089583 0.482870 0.011458 0.056481
3 0.567448 0.393981 0.008854 0.047222
2 0.823958 0.575463 0.014583 0.058333
2 0.333854 0.501389 0.010417 0.060185
2 0.465625 0.619907 0.009375 0.063889
2 0.720573 0.690278 0.018229 0.071296
2 0.411979 0.739815 0.015625 0.077778
0 0.166456 0.386181 0.004786 0.009398
3 0.400995 0.235981 0.008240 0.033074
