2 0.735417 0.344907 0.007292 0.036111
2 0.580990 0.322685 0.006771 0.036111
2 0.671354 0.353241 0.007292 0.036111
2 0.769271 0.374537 0.008333 0.041667
2 0.666927 0.391204 0.009896 0.037963
2 0.302604 0.314352 0.012500 0.034259
2 0.745573 0.360185 0.010937 0.040741
2 0.519531 0.588889 0.009896 0.053704
2 0.724479 0.456019 0.013542 0.043519
2 0.449479 0.432407 0.011458 0.048148
2 0.459115 0.393981 0.007812 0.039815
2 0.696354 0.517130 0.010417 0.054630
2 0.786198 0.473148 0.009896 0.051852
1 0.195312 0.395370 0.014583 0.046296
3 0.629427 0.386574 0.010937 0.043519
2 0.304427 0.438889 0.008854 0.048148
3 0.888281 0.938889 0.027604 0.090741
2 0.710938 0.600463 0.016667 0.063889
2 0.744010 0.571296 0.016146 0.061111
2 0.119531 0.538426 0.010937 0.060185
2 0.627344 0.567593 0.017188 0.057407
2 0.435677 0.828241 0.028646 0.075000
0 0.268318 0.379875 0.005385 0.011602
3 0.358250 0.254449 0.008167 0.029269
