2 0.598958 0.276389 0.008333 0.030556
2 0.298438 0.309259 0.010417 0.038889
2 0.657552 0.393056 0.009896 0.043519
2 0.569271 0.318056 0.010417 0.034259
2 0.792969 0.372222 0.008854 0.040741
2 0.757031 0.342593 0.006771 0.037037
2 0.751302 0.524074 0.007812 0.055556
2 0.743490 0.473611 0.009896 0.049074
2 0.785156 0.358796 0.007812 0.041667
2 0.775260 0.577315 0.010937 0.060185
1 0.210677 0.384259 0.014063 0.048148
2 0.102083 0.466667 0.010417 0.048148
2 0.704427 0.352778 0.007812 0.037037
2 0.342708 0.421759 0.008333 0.049074
2 0.450260 0.381019 0.007812 0.039815
3 0.628125 0.386111 0.007292 0.042593
2 0.796615 0.488889 0.008854 0.055556
2 0.430729 0.417130 0.008333 0.049074
2 0.724219 0.612963 0.016146 0.062963
2 0.350260 0.764815 0.019271 0.074074
2 0.645052 0.603704 0.011979 0.062963
2 0.508854 0.623611 0.013542 0.062037
3 0.853385 0.931019 0.025521 0.086111
0 0.228224 0.404412 0.005406 0.010676
3 0.359339 0.244481 0.009302 0.033407
