2 0.651042 0.336111 0.008333 0.033333
2 0.423438 0.343981 0.007292 0.039815
2 0.726302 0.294907 0.008854 0.032407
2 0.779948 0.293056 0.007812 0.030556
2 0.426302 0.374537 0.009896 0.045370
2 0.415625 0.382870 0.008333 0.045370
2 0.650260 0.361111 0.010937 0.040741
2 0.485156 0.424537 0.010937 0.047222
2 0.551823 0.306019 0.006771 0.032407
1 0.007292 0.411574 0.012500 0.049074
2 0.594792 0.353704 0.011458 0.040741
2 0.525260 0.454630 0.014063 0.050000
2 0.870573 0.427778 0.011979 0.050000
2 0.784115 0.362963 0.009896 0.040741
2 0.749740 0.443519 0.013021 0.048148
2 0.928125 0.432407 0.011458 0.050000
3 0.573177 0.407407 0.009896 0.048148
2 0.376302 0.452778 0.011979 0.053704
2 0.426823 0.669444 0.017188 0.064815
2 0.802604 0.651389 0.015625 0.067593
2 0.389583 0.530556 0.011458 0.061111
2 0.510156 0.711111 0.024479 0.068519
3 0.423318 0.269940 0.007052 0.032472
0 0.737370 0.320167 0.005990 0.008852
