3 0.244792 0.267593 0.008333 0.029630
2 0.668750 0.379630 0.012500 0.048148
2 0.677354 0.340292 0.014083 0.045398
2 0.421094 0.400926 0.009896 0.048148
2 0.680208 0.377315 0.016667 0.050926
2 0.590104 0.364352 0.010417 0.041667
2 0.520573 0.341667 0.006771 0.042593
2 0.299219 0.326852 0.011979 0.042593
2 0.152344 0.385648 0.019271 0.050926
2 0.157292 0.433333 0.015625 0.055556
2 0.429688 0.497222 0.011458 0.055556
2 0.382292 0.351389 0.011458 0.045370
2 0.351302 0.978704 0.019271 0.040741
2 0.604427 0.390278 0.010937 0.047222
2 0.125260 0.494444 0.020313 0.059259
3 0.535156 0.430093 0.014063 0.050926
2 0.452083 0.425926 0.018750 0.048148
2 0.119010 0.557870 0.023438 0.065741
2 0.730208 0.616667 0.019792 0.062963
2 0.143490 0.733333 0.022396 0.075926
2 0.772396 0.547222 0.014583 0.059259
2 0.497135 0.539352 0.016146 0.062037
2 0.810937 0.447685 0.012500 0.056481
0 0.662927 0.342282 0.005021 0.010491
