2 0.730208 0.411111 0.011458 0.037037
3 0.669531 0.407870 0.010937 0.032407
2 0.233333 0.450463 0.013542 0.034259
2 0.845099 0.486278 0.012073 0.042926
2 0.298604 0.412014 0.017000 0.036991
2 0.838542 0.511111 0.011458 0.042593
2 0.679948 0.424074 0.010937 0.037037
2 0.570573 0.415278 0.008854 0.036111
2 0.771615 0.440278 0.008854 0.043519
2 0.620313 0.461111 0.011458 0.040741
2 0.480469 0.456019 0.007812 0.037963
2 0.451302 0.439815 0.013021 0.042593
2 0.716927 0.482870 0.013021 0.045370
2 0.301302 0.462963 0.016146 0.042593
2 0.635677 0.563426 0.016146 0.052778
2 0.186979 0.492130 0.014583 0.050926
2 0.210938 0.527778 0.017708 0.055556
1 0.924331 0.423384 0.011161 0.035657
2 0.232237 0.413125 0.011349 0.039213
3 0.245245 0.362190 0.009240 0.029935
2 0.314359 0.403394 0.013094 0.038269
2 0.771422 0.419514 0.009510 0.035324
0 0.730982 0.425356 0.004672 0.008120
2 0.324477 0.401148 0.012495 0.037481
