2 0.689063 0.441204 0.006250 0.030556
2 0.429948 0.437037 0.005729 0.029630
2 0.430469 0.476389 0.006771 0.034259
2 0.528906 0.444444 0.005729 0.031481
2 0.742969 0.549074 0.013021 0.040741
2 0.295833 0.472685 0.008333 0.034259
2 0.772917 0.480556 0.008333 0.038889
2 0.107552 0.558796 0.008854 0.043519
2 0.375260 0.492130 0.007812 0.037963
2 0.617708 0.518519 0.008333 0.040741
3 0.948698 0.784259 0.025521 0.070370
2 0.216406 0.601852 0.009896 0.042593
3 0.415885 0.519444 0.011979 0.038889
2 0.926562 0.618519 0.010417 0.053704
1 0.127604 0.530556 0.013542 0.037037
2 0.473177 0.508796 0.007812 0.037963
2 0.397656 0.581019 0.007812 0.047222
2 0.869531 0.611111 0.020313 0.050000
2 0.655729 0.560648 0.009375 0.045370
2 0.617448 0.716204 0.018229 0.056481
2 0.217708 0.688426 0.012500 0.056481
2 0.758333 0.691667 0.014583 0.062963
2 0.703055 0.440551 0.007151 0.032954
0 0.126971 0.531125 0.004984 0.010398
