2 0.548958 0.409259 0.006250 0.027778
2 0.278646 0.444907 0.008333 0.030556
2 0.539323 0.419444 0.006771 0.025926
2 0.655729 0.437037 0.010417 0.035185
2 0.188021 0.496296 0.011458 0.035185
2 0.503906 0.481944 0.007812 0.034259
2 0.618490 0.515278 0.009896 0.039815
2 0.211719 0.493981 0.008854 0.036111
2 0.326823 0.504630 0.007812 0.037037
2 0.119148 0.631616 0.019547 0.048417
2 0.597417 0.704995 0.015667 0.059991
3 0.350911 0.537745 0.017448 0.044009
2 0.604167 0.531019 0.009375 0.041667
2 0.358073 0.568056 0.019271 0.043519
2 0.071615 0.569907 0.020313 0.045370
2 0.305469 0.503241 0.014063 0.041667
1 0.867188 0.461574 0.011458 0.034259
2 0.819531 0.570833 0.010937 0.050926
2 0.877344 0.595833 0.017188 0.049074
3 0.916667 0.693056 0.016667 0.060185
2 0.738542 0.670833 0.015625 0.056481
2 0.151562 0.685185 0.026042 0.053704
2 0.394221 0.428051 0.010318 0.032028
0 0.076643 0.568255 0.006411 0.010583
