2 0.380208 0.510185 0.012500 0.038889
2 0.473177 0.375463 0.007812 0.030556
2 0.389581 0.533241 0.016661 0.042407
2 0.460677 0.391667 0.007812 0.031481
2 0.288802 0.479630 0.009896 0.040741
2 0.294792 0.400463 0.007292 0.037963
2 0.200000 0.423611 0.010417 0.039815
2 0.147263 0.507333 0.013276 0.049852
0 0.757031 0.752315 0.005729 0.012037
2 0.317708 0.633333 0.020833 0.050000
2 0.305208 0.467130 0.011458 0.043519
2 0.930208 0.554167 0.019792 0.050926
2 0.454427 0.434259 0.007812 0.040741
2 0.623698 0.401852 0.008854 0.040741
2 0.764062 0.713889 0.030208 0.064815
1 0.854427 0.435185 0.011979 0.044444
2 0.709375 0.683796 0.018750 0.060185
2 0.597917 0.480093 0.009375 0.049074
2 0.582812 0.465278 0.009375 0.043519
2 0.099479 0.541204 0.019792 0.049074
2 0.787500 0.537037 0.021875 0.057407
2 0.311719 0.610676 0.025521 0.039870
3 0.168859 0.375079 0.008552 0.033491
2 0.146435 0.492343 0.013703 0.053204
