2 0.569792 0.428704 0.009375 0.025926
1 0.223438 0.430556 0.009375 0.037037
2 0.448958 0.392593 0.011458 0.029630
2 0.545052 0.437963 0.008854 0.029630
2 0.246615 0.490278 0.009896 0.045370
2 0.476562 0.460648 0.010417 0.032407
2 0.372917 0.425926 0.013542 0.038889
2 0.332292 0.477315 0.011458 0.039815
2 0.695060 0.437375 0.013036 0.032157
2 0.515104 0.468519 0.009375 0.042593
2 0.848437 0.526852 0.011458 0.048148
2 0.221354 0.510648 0.015625 0.043519
2 0.325307 0.557699 0.015198 0.048731
2 0.839063 0.547685 0.011458 0.054630
2 0.684635 0.598148 0.022396 0.055556
2 0.526563 0.616667 0.014583 0.051852
2 0.844271 0.464352 0.015625 0.037963
2 0.057031 0.603241 0.013021 0.052778
3 0.914859 0.835417 0.025552 0.091204
3 0.438755 0.354620 0.006677 0.031463
2 0.337096 0.434722 0.010651 0.041667
2 0.342953 0.424472 0.009865 0.043389
0 0.640057 0.462602 0.005115 0.010389
2 0.698474 0.431769 0.008406 0.033907
