2 0.714063 0.364815 0.009375 0.025926
0 0.915625 0.426389 0.006250 0.010185
2 0.710677 0.399074 0.016146 0.040741
2 0.370081 0.377241 0.012036 0.039667
2 0.501563 0.415741 0.012500 0.037037
2 0.680469 0.363426 0.009896 0.043519
2 0.675260 0.412037 0.014063 0.051852
2 0.385417 0.377315 0.010417 0.045370
2 0.329240 0.452227 0.014729 0.054454
2 0.459635 0.401389 0.009896 0.045370
2 0.315885 0.462963 0.009896 0.053704
2 0.421615 0.398148 0.013021 0.051852
2 0.360417 0.389352 0.010417 0.050926
2 0.093750 0.397222 0.010417 0.053704
2 0.605990 0.441204 0.018229 0.056481
2 0.951562 0.412037 0.012500 0.051852
2 0.638281 0.533796 0.014063 0.063889
2 0.720833 0.488889 0.018750 0.057407
3 0.842448 0.863889 0.020313 0.101852
3 0.477604 0.451852 0.013542 0.055556
2 0.733333 0.588426 0.021875 0.065741
3 0.443612 0.299074 0.009099 0.038889
2 0.440755 0.341523 0.015885 0.044157
2 0.328813 0.431833 0.013875 0.054407
2 0.500589 0.402074 0.011594 0.048593
