1 0.039323 0.447222 0.017188 0.048148
2 0.551042 0.418981 0.012500 0.037963
2 0.699479 0.443056 0.012500 0.047222
2 0.556771 0.453704 0.010417 0.044444
2 0.823438 0.436574 0.014583 0.041667
2 0.420573 0.414352 0.008854 0.041667
2 0.427344 0.450000 0.008854 0.046296
2 0.514583 0.561111 0.011458 0.057407
2 0.313281 0.461574 0.015104 0.052778
2 0.812760 0.501852 0.018229 0.051852
2 0.804427 0.478704 0.011979 0.050000
2 0.590625 0.483333 0.016667 0.044444
2 0.401823 0.485648 0.009896 0.049074
2 0.370052 0.469444 0.010937 0.046296
2 0.513021 0.608333 0.019792 0.057407
2 0.284115 0.479167 0.011979 0.050926
2 0.869531 0.556019 0.017188 0.062037
2 0.219531 0.578704 0.011979 0.059259
2 0.936458 0.527315 0.015625 0.058333
3 0.367448 0.525926 0.013021 0.057407
2 0.175781 0.663426 0.023438 0.071296
0 0.579557 0.454894 0.005990 0.011639
2 0.309083 0.443949 0.009833 0.047157
3 0.414289 0.350829 0.009828 0.034991
