3 0.153906 0.329167 0.008854 0.036111
2 0.348766 0.335056 0.013156 0.033074
2 0.360195 0.337125 0.009974 0.037213
2 0.753385 0.322222 0.007812 0.037037
2 0.712760 0.335185 0.009896 0.038889
2 0.268229 0.358796 0.009375 0.037963
2 0.379948 0.357407 0.013021 0.040741
1 0.908333 0.369444 0.011458 0.046296
2 0.725781 0.342593 0.007812 0.042593
2 0.363542 0.400000 0.009375 0.044444
3 0.602604 0.351389 0.011458 0.043519
2 0.577604 0.344907 0.007292 0.039815
2 0.545052 0.374074 0.010937 0.038889
2 0.627604 0.384259 0.011458 0.044444
2 0.585938 0.385648 0.009375 0.047222
2 0.805469 0.419444 0.014063 0.050000
2 0.788802 0.442130 0.015104 0.047222
2 0.145833 0.412500 0.012500 0.052778
2 0.460677 0.429630 0.007812 0.050000
2 0.188542 0.531019 0.016667 0.067593
2 0.165104 0.481481 0.011458 0.061111
2 0.399219 0.549537 0.019271 0.060185
