2 0.103906 0.534259 0.016146 0.042593
2 0.440365 0.417130 0.007812 0.036111
2 0.414062 0.456019 0.007292 0.036111
2 0.397135 0.493981 0.011979 0.041667
2 0.616146 0.439815 0.008333 0.035185
2 0.454948 0.464352 0.009896 0.037963
2 0.630469 0.437500 0.006771 0.037963
2 0.273958 0.522685 0.008333 0.045370
2 0.593750 0.545370 0.010417 0.048148
2 0.417448 0.529630 0.008854 0.046296
2 0.880729 0.554630 0.009375 0.053704
2 0.609896 0.538889 0.009375 0.048148
2 0.390885 0.590278 0.008854 0.050926
2 0.863542 0.637037 0.009375 0.061111
2 0.402865 0.599537 0.010937 0.056481
2 0.211719 0.583333 0.013021 0.050000
3 0.904948 0.813889 0.014063 0.083333
2 0.847135 0.637037 0.014063 0.062963
2 0.081089 0.541560 0.008010 0.044231
2 0.091081 0.545792 0.011328 0.043435
1 0.359255 0.417139 0.010177 0.036130
2 0.431076 0.421005 0.010068 0.036454
