2 0.424987 0.383486 0.012474 0.026231
2 0.280289 0.469259 0.009536 0.040370
2 0.202344 0.481944 0.009896 0.041667
2 0.495312 0.427315 0.010417 0.034259
2 0.557552 0.422685 0.009896 0.036111
2 0.075521 0.567130 0.012500 0.050926
2 0.637760 0.500463 0.014063 0.045370
2 0.884635 0.518056 0.009896 0.049074
2 0.193750 0.508333 0.009375 0.042593
3 0.399740 0.479167 0.016146 0.043519
2 0.441927 0.468981 0.008854 0.039815
2 0.666927 0.488426 0.010937 0.043519
2 0.835156 0.581481 0.014063 0.061111
2 0.429427 0.613889 0.018229 0.055556
2 0.264323 0.553704 0.015104 0.051852
2 0.859375 0.582870 0.013542 0.056481
2 0.520312 0.601389 0.020833 0.058333
1 0.905208 0.832870 0.021875 0.087963
3 0.474484 0.338269 0.007302 0.026537
2 0.367339 0.417417 0.011760 0.036685
2 0.358049 0.414111 0.012974 0.031926
2 0.317294 0.422722 0.012714 0.036185
2 0.303016 0.422972 0.012281 0.036685
1 0.276203 0.410912 0.008656 0.038491
