2 0.544531 0.459259 0.010937 0.033333
2 0.747396 0.425926 0.007292 0.035185
2 0.679427 0.539352 0.011979 0.039815
2 0.759896 0.439352 0.008333 0.034259
2 0.682552 0.504630 0.008854 0.038889
2 0.486458 0.477778 0.009375 0.042593
3 0.630729 0.487500 0.010417 0.043519
2 0.685417 0.571296 0.009375 0.055556
2 0.465885 0.520833 0.015104 0.039815
2 0.484896 0.524537 0.010417 0.043519
2 0.245052 0.552778 0.009896 0.048148
1 0.147917 0.488889 0.011458 0.044444
2 0.807292 0.581481 0.010417 0.053704
2 0.778906 0.492130 0.008854 0.043519
2 0.855469 0.617593 0.017188 0.061111
2 0.664583 0.719907 0.014583 0.062037
2 0.802604 0.667130 0.014583 0.062037
2 0.338281 0.469907 0.007812 0.041667
2 0.457813 0.612037 0.014583 0.055556
2 0.372396 0.710185 0.020833 0.062963
3 0.939844 0.825926 0.022396 0.083333
0 0.306997 0.528278 0.006703 0.012111
3 0.415466 0.375574 0.008016 0.028926
2 0.537211 0.403602 0.008797 0.033130
2 0.592391 0.437616 0.009781 0.038194
