2 0.549479 0.351389 0.010417 0.037963
2 0.225781 0.392130 0.007812 0.050926
2 0.336979 0.365741 0.009375 0.040741
2 0.585156 0.340278 0.013021 0.043519
2 0.559896 0.394444 0.010417 0.044444
2 0.735156 0.353704 0.009896 0.044444
2 0.289583 0.412500 0.010417 0.049074
2 0.292969 0.455093 0.013021 0.049074
2 0.538802 0.401389 0.009896 0.049074
1 0.855990 0.371296 0.013021 0.046296
2 0.354948 0.403241 0.013021 0.050926
2 0.137760 0.442130 0.015104 0.056481
2 0.479948 0.384259 0.008854 0.046296
3 0.448958 0.430556 0.009375 0.055556
2 0.820312 0.473148 0.009375 0.061111
2 0.104167 0.501852 0.013542 0.066667
2 0.164323 0.548148 0.017188 0.062963
2 0.636198 0.447222 0.014063 0.059259
2 0.143750 0.514815 0.016667 0.068519
2 0.323177 0.505556 0.010937 0.061111
2 0.480469 0.525463 0.018229 0.060185
2 0.635677 0.557870 0.013021 0.067593
0 0.732341 0.373630 0.005307 0.010222
3 0.136229 0.350167 0.009958 0.044778
