2 0.420734 0.419056 0.007094 0.034407
2 0.642188 0.441667 0.011458 0.037037
2 0.662240 0.439352 0.011979 0.036111
2 0.384115 0.421759 0.006771 0.036111
2 0.350260 0.475000 0.009896 0.038889
2 0.471615 0.467130 0.010937 0.043519
2 0.150521 0.561574 0.017708 0.043519
3 0.419531 0.497222 0.008854 0.044444
2 0.635677 0.551852 0.011979 0.051852
2 0.848958 0.556944 0.010417 0.056481
2 0.417708 0.552778 0.011458 0.050000
2 0.622135 0.557407 0.015104 0.050000
2 0.863802 0.627315 0.013021 0.060185
2 0.851302 0.617593 0.014063 0.064815
3 0.887240 0.814815 0.014063 0.085185
2 0.288542 0.533333 0.009375 0.048148
2 0.439844 0.630556 0.014063 0.062963
2 0.396615 0.616667 0.017188 0.053704
2 0.216406 0.608333 0.020313 0.057407
3 0.517013 0.346843 0.005901 0.023315
2 0.071589 0.546194 0.010885 0.047944
2 0.061883 0.553241 0.014391 0.034259
0 0.052398 0.571185 0.004797 0.007185
1 0.324482 0.413106 0.011464 0.041028
