0 0.566927 0.447685 0.005729 0.010185
2 0.356250 0.338889 0.010417 0.044444
2 0.229948 0.371296 0.014063 0.050000
2 0.322396 0.332870 0.010417 0.043519
2 0.241667 0.351852 0.010417 0.046296
2 0.469820 0.405407 0.016724 0.055259
2 0.594531 0.380556 0.018229 0.050000
2 0.423698 0.349074 0.013021 0.050000
2 0.552604 0.422685 0.018750 0.047222
2 0.385677 0.412037 0.014063 0.051852
2 0.332341 0.431421 0.018849 0.055435
2 0.808073 0.417130 0.017188 0.060185
2 0.189323 0.416204 0.010937 0.058333
2 0.407031 0.375463 0.015104 0.054630
2 0.463281 0.597685 0.021354 0.069444
2 0.198437 0.455556 0.017708 0.064815
2 0.297656 0.403241 0.016146 0.054630
3 0.511458 0.422222 0.025000 0.051852
2 0.841667 0.555556 0.026042 0.072222
2 0.619010 0.574074 0.029687 0.068519
2 0.913542 0.518981 0.026042 0.067593
2 0.239063 0.542593 0.026042 0.064815
3 0.311378 0.293319 0.011297 0.040343
