2 0.549029 0.377079 0.014724 0.050454
2 0.699219 0.361574 0.008854 0.045370
2 0.751563 0.435185 0.011458 0.057407
2 0.191406 0.459722 0.017188 0.054630
2 0.370052 0.345833 0.010937 0.045370
2 0.797656 0.461574 0.011979 0.063889
2 0.783594 0.487500 0.015104 0.063889
2 0.690365 0.469444 0.010937 0.057407
2 0.699740 0.564815 0.014063 0.070370
3 0.591927 0.518981 0.013021 0.069444
2 0.462760 0.460648 0.013021 0.054630
2 0.408854 0.439352 0.016667 0.052778
2 0.609896 0.459722 0.012500 0.058333
2 0.503385 0.601852 0.013021 0.075926
2 0.194792 0.707870 0.018750 0.095370
2 0.481771 0.781481 0.027083 0.090741
2 0.401562 0.523148 0.012500 0.064815
2 0.846615 0.625926 0.016146 0.077778
2 0.577865 0.668056 0.015104 0.084259
2 0.747656 0.673611 0.019271 0.084259
3 0.963281 0.853704 0.030729 0.109259
0 0.220260 0.477315 0.008229 0.012037
3 0.339974 0.293736 0.008073 0.035620
2 0.637427 0.313958 0.009229 0.037176
