2 0.443490 0.416667 0.011979 0.033333
2 0.733073 0.452315 0.010937 0.039815
2 0.420052 0.428704 0.008854 0.038889
2 0.305469 0.508333 0.013021 0.046296
2 0.855729 0.598611 0.012500 0.058333
2 0.861719 0.571296 0.014063 0.057407
2 0.156510 0.584259 0.016146 0.046296
2 0.384896 0.442130 0.008333 0.041667
2 0.107659 0.613306 0.019484 0.058093
2 0.512240 0.471759 0.008854 0.041667
2 0.661979 0.572685 0.010417 0.058333
2 0.316927 0.579167 0.014063 0.052778
2 0.666146 0.442593 0.006250 0.040741
2 0.228125 0.639815 0.015625 0.055556
3 0.442969 0.509259 0.013021 0.048148
2 0.833594 0.615278 0.013021 0.060185
2 0.408073 0.594444 0.010937 0.057407
3 0.890344 0.827093 0.022354 0.085667
2 0.649479 0.583796 0.019792 0.054630
2 0.422135 0.643981 0.019271 0.058333
2 0.248958 0.639815 0.012500 0.057407
2 0.465365 0.671296 0.017188 0.068519
1 0.273268 0.414060 0.011120 0.041083
0 0.114766 0.593995 0.005573 0.010213
3 0.530370 0.342903 0.007615 0.028398
