0 0.376823 0.611574 0.005729 0.012037
2 0.444792 0.344444 0.008333 0.037037
2 0.514062 0.361111 0.008333 0.042593
2 0.439323 0.429167 0.008854 0.047222
2 0.328646 0.362500 0.008333 0.043519
2 0.698698 0.351852 0.007812 0.040741
2 0.721615 0.750000 0.018229 0.087037
2 0.734115 0.375463 0.009896 0.047222
2 0.709115 0.402315 0.009896 0.049074
2 0.679688 0.366204 0.009375 0.041667
2 0.595833 0.424074 0.009375 0.046296
2 0.286458 0.419907 0.010417 0.050926
2 0.621615 0.510185 0.017188 0.059259
3 0.573177 0.418056 0.010937 0.049074
2 0.383854 0.545833 0.014583 0.049074
2 0.732292 0.451389 0.012500 0.054630
2 0.372917 0.580093 0.029167 0.067593
2 0.556510 0.523611 0.018229 0.060185
2 0.410417 0.500926 0.011458 0.055556
2 0.618750 0.606019 0.016667 0.065741
2 0.404948 0.649074 0.018229 0.074074
2 0.807292 0.617130 0.016667 0.065741
3 0.275612 0.319718 0.009557 0.039435
