2 0.706250 0.349074 0.012500 0.038889
2 0.299740 0.387500 0.007812 0.041667
2 0.185417 0.401852 0.010417 0.040741
2 0.305990 0.393056 0.008854 0.039815
1 0.870052 0.388889 0.010937 0.040741
2 0.631510 0.422685 0.008854 0.041667
2 0.738542 0.382407 0.008333 0.037037
2 0.771094 0.376852 0.008854 0.040741
2 0.136979 0.506944 0.013542 0.060185
2 0.551823 0.550463 0.016146 0.050926
2 0.823177 0.458333 0.008854 0.046296
3 0.676562 0.375463 0.009375 0.039815
2 0.840885 0.431019 0.013021 0.047222
2 0.717187 0.429630 0.009375 0.042593
2 0.286198 0.385648 0.006771 0.037963
2 0.320833 0.451389 0.011458 0.049074
2 0.519010 0.418519 0.011979 0.048148
2 0.164844 0.444907 0.013021 0.050926
2 0.583854 0.393056 0.008333 0.039815
2 0.496615 0.451852 0.008854 0.048148
2 0.147656 0.548148 0.019271 0.062963
3 0.166706 0.350319 0.008411 0.032120
2 0.773021 0.354940 0.008542 0.033954
0 0.778271 0.364866 0.004458 0.007509
