2 0.281583 0.467037 0.016292 0.037778
2 0.439523 0.406296 0.009255 0.032963
2 0.260857 0.477657 0.012339 0.038648
3 0.400536 0.486356 0.008365 0.043083
2 0.184375 0.487037 0.008333 0.040741
2 0.422917 0.417130 0.010417 0.036111
2 0.402344 0.505556 0.009896 0.044444
2 0.090104 0.550463 0.011458 0.047222
2 0.637240 0.432870 0.006771 0.039815
2 0.119271 0.528241 0.012500 0.049074
2 0.603385 0.430093 0.008854 0.037963
2 0.889062 0.651389 0.010417 0.069444
2 0.228125 0.562500 0.012500 0.052778
2 0.905729 0.540278 0.013542 0.052778
2 0.587760 0.529167 0.009896 0.052778
2 0.438542 0.599537 0.013542 0.058333
2 0.911198 0.661111 0.013021 0.068519
2 0.411719 0.597685 0.017188 0.052778
2 0.572396 0.539352 0.011458 0.050926
3 0.943229 0.839352 0.014583 0.091667
2 0.276174 0.455931 0.008599 0.039639
1 0.338682 0.417028 0.015906 0.034056
2 0.432112 0.416773 0.009016 0.037250
3 0.524893 0.338333 0.007078 0.028519
