2 0.303906 0.373148 0.010937 0.040741
2 0.491667 0.366667 0.006250 0.033333
2 0.664844 0.374537 0.009896 0.043519
2 0.135677 0.458796 0.010937 0.052778
2 0.207031 0.398611 0.011979 0.037963
2 0.272917 0.431019 0.010417 0.043519
2 0.473177 0.387037 0.008854 0.038889
2 0.317448 0.413426 0.008854 0.045370
2 0.836979 0.510185 0.013542 0.057407
2 0.573438 0.422222 0.010417 0.048148
2 0.133333 0.494907 0.013542 0.058333
2 0.188021 0.560185 0.014583 0.057407
1 0.858333 0.406481 0.010417 0.046296
2 0.307031 0.530556 0.010937 0.053704
2 0.599479 0.406944 0.008333 0.041667
2 0.284635 0.481019 0.014063 0.050926
2 0.116667 0.506944 0.013542 0.058333
2 0.475260 0.556944 0.014063 0.058333
3 0.400781 0.458796 0.010937 0.047222
2 0.645312 0.474074 0.011458 0.055556
2 0.683333 0.652778 0.018750 0.072222
3 0.145250 0.359185 0.011333 0.040593
2 0.530802 0.348773 0.011604 0.038287
0 0.823148 0.535148 0.006714 0.012889
