2 0.374146 0.412194 0.016000 0.044759
2 0.387471 0.436356 0.012443 0.048639
2 0.266146 0.370833 0.010417 0.039815
2 0.540104 0.389815 0.011458 0.040741
2 0.522398 0.445227 0.023964 0.047861
3 0.582654 0.413968 0.013224 0.046454
2 0.205469 0.374074 0.014063 0.040741
2 0.610523 0.465546 0.024172 0.047759
2 0.303385 0.364352 0.010937 0.037963
2 0.335417 0.366667 0.007292 0.038889
2 0.836865 0.523315 0.019563 0.063296
2 0.257812 0.428241 0.016667 0.045370
2 0.721138 0.596579 0.021443 0.061676
2 0.221615 0.401389 0.018229 0.047222
2 0.465885 0.580093 0.032813 0.062037
2 0.802344 0.533796 0.028646 0.056481
2 0.861198 0.496296 0.011979 0.057407
2 0.734115 0.435185 0.011979 0.048148
2 0.191146 0.486111 0.011458 0.057407
2 0.156510 0.448148 0.016146 0.051852
0 0.624539 0.489907 0.005328 0.009444
2 0.516893 0.442412 0.013995 0.047787
3 0.244841 0.320319 0.009474 0.038787
