2 0.556424 0.351454 0.010766 0.030685
2 0.380729 0.376852 0.009375 0.040741
2 0.630208 0.383333 0.010417 0.037037
2 0.394924 0.392236 0.008599 0.043731
2 0.393490 0.430556 0.007812 0.044444
2 0.430828 0.443773 0.017906 0.050509
2 0.423177 0.485185 0.015104 0.053704
2 0.306510 0.500463 0.013021 0.052778
2 0.646875 0.418056 0.012500 0.043519
2 0.377865 0.461574 0.019271 0.052778
3 0.456771 0.467593 0.011458 0.051852
1 0.846969 0.431370 0.011646 0.046074
1 0.064062 0.426389 0.014583 0.052778
2 0.575260 0.520370 0.010937 0.055556
3 0.806510 0.828241 0.027604 0.097222
2 0.766667 0.579630 0.013542 0.064815
0 0.841776 0.446602 0.005427 0.009870
2 0.628867 0.364065 0.008776 0.035537
2 0.361398 0.420074 0.011339 0.045704
2 0.340779 0.414176 0.010724 0.037611
2 0.354023 0.415301 0.010130 0.045417
2 0.348086 0.400370 0.008672 0.041481
2 0.339500 0.456440 0.013375 0.046213
2 0.332417 0.447514 0.009625 0.041324
2 0.330505 0.429495 0.008927 0.038620
3 0.402289 0.332060 0.006661 0.028935
