2 0.552094 0.353588 0.012521 0.036806
2 0.676302 0.403704 0.009896 0.038889
2 0.683594 0.425000 0.009896 0.035185
2 0.710417 0.399537 0.009375 0.041667
2 0.557958 0.387065 0.010708 0.042648
2 0.333073 0.375463 0.009896 0.037963
3 0.121875 0.362037 0.010417 0.038889
2 0.667969 0.350463 0.007812 0.037963
1 0.845313 0.393519 0.009375 0.042593
2 0.172396 0.446759 0.008333 0.045370
2 0.758594 0.435648 0.009896 0.047222
2 0.739844 0.426389 0.009896 0.047222
2 0.389323 0.364815 0.007812 0.038889
2 0.125000 0.443056 0.018750 0.054630
2 0.437760 0.423148 0.013021 0.046296
3 0.521094 0.381481 0.014063 0.040741
2 0.825521 0.467593 0.012500 0.057407
2 0.623672 0.369065 0.009844 0.041833
2 0.369531 0.449074 0.014063 0.046296
2 0.177083 0.477315 0.012500 0.050926
2 0.450781 0.565278 0.026562 0.058333
2 0.699479 0.450926 0.016667 0.048148
2 0.555885 0.338565 0.008646 0.032685
