2 0.464062 0.460185 0.010417 0.031481
2 0.432292 0.487963 0.011458 0.038889
2 0.631771 0.506944 0.008333 0.037963
2 0.744271 0.493056 0.009375 0.039815
1 0.156771 0.513426 0.008333 0.043519
2 0.143229 0.568981 0.010417 0.037963
2 0.644792 0.556481 0.009375 0.044444
2 0.465365 0.523148 0.008854 0.040741
2 0.309375 0.468981 0.007292 0.036111
2 0.769010 0.578704 0.013021 0.046296
2 0.384115 0.556944 0.013021 0.043519
3 0.517188 0.495833 0.008333 0.037963
2 0.691927 0.543519 0.006771 0.042593
2 0.284635 0.693056 0.008854 0.056481
2 0.327083 0.613426 0.008333 0.050926
2 0.727604 0.662500 0.010417 0.056481
2 0.587240 0.708333 0.013021 0.059259
2 0.858333 0.612963 0.011458 0.055556
3 0.862760 0.780556 0.017188 0.070370
0 0.156443 0.589880 0.007677 0.013093
3 0.375294 0.392560 0.006839 0.024009
2 0.480068 0.423815 0.010135 0.030963
2 0.533164 0.445130 0.009036 0.034704
2 0.696823 0.443398 0.008229 0.033093
2 0.691784 0.449051 0.007526 0.031435
