3 0.366146 0.288426 0.008333 0.043519
2 0.681771 0.329167 0.008333 0.041667
2 0.762500 0.346759 0.009375 0.050926
2 0.611719 0.371759 0.013021 0.054630
2 0.582552 0.365741 0.015104 0.048148
2 0.756250 0.453704 0.015625 0.062963
2 0.452865 0.313889 0.016146 0.040741
2 0.421094 0.409472 0.010937 0.052278
2 0.663281 0.395370 0.010937 0.053704
3 0.714583 0.417130 0.011458 0.063889
2 0.741406 0.469907 0.013021 0.069444
2 0.465625 0.476389 0.018750 0.073148
2 0.202865 0.527315 0.016146 0.076852
2 0.895312 0.518519 0.017708 0.079630
2 0.323437 0.412963 0.019792 0.062963
2 0.419792 0.754167 0.017708 0.099074
2 0.493229 0.480556 0.013542 0.066667
2 0.832812 0.416204 0.016667 0.065741
2 0.915885 0.493981 0.018229 0.075000
2 0.863281 0.638426 0.022396 0.086111
2 0.704688 0.618981 0.015625 0.087963
2 0.928385 0.594907 0.019271 0.084259
0 0.421872 0.381241 0.005203 0.010630
