2 0.484055 0.343509 0.011859 0.042574
2 0.598177 0.328704 0.011979 0.038889
3 0.260417 0.322222 0.009375 0.040741
2 0.585156 0.355093 0.009896 0.041667
2 0.618490 0.351852 0.011979 0.040741
2 0.536719 0.334259 0.010937 0.037037
2 0.346615 0.350000 0.010937 0.040741
2 0.511198 0.367130 0.014063 0.039815
3 0.599740 0.399074 0.010937 0.057407
2 0.742969 0.368056 0.013021 0.050926
2 0.696875 0.405556 0.013542 0.050000
2 0.801562 0.437963 0.014583 0.059259
2 0.390365 0.384722 0.011979 0.052778
2 0.719271 0.406019 0.013542 0.052778
2 0.430990 0.752778 0.020313 0.090741
2 0.854688 0.521759 0.017708 0.067593
2 0.483073 0.461111 0.014063 0.057407
2 0.170313 0.522222 0.014583 0.070370
2 0.825000 0.519907 0.028125 0.073148
2 0.776823 0.715278 0.015104 0.086111
2 0.238281 0.405093 0.010937 0.058333
2 0.640625 0.521296 0.019792 0.064815
0 0.573409 0.362722 0.005151 0.010630
