2 0.349706 0.283796 0.013995 0.036111
1 0.925781 0.312500 0.009896 0.049074
2 0.320052 0.268981 0.011979 0.034259
2 0.703906 0.248148 0.010937 0.038889
2 0.227083 0.316667 0.010417 0.046296
2 0.360156 0.319907 0.013021 0.049074
2 0.650781 0.318056 0.011979 0.045370
2 0.235937 0.344907 0.012500 0.050926
2 0.624479 0.318519 0.013542 0.038889
2 0.615104 0.277315 0.009375 0.043519
2 0.812500 0.314815 0.009375 0.048148
2 0.753906 0.350463 0.013021 0.050926
2 0.658594 0.430556 0.011979 0.057407
2 0.193490 0.391667 0.015104 0.055556
2 0.551823 0.374074 0.010937 0.053704
2 0.536979 0.375000 0.012500 0.057407
3 0.401042 0.363889 0.011458 0.057407
2 0.234375 0.529167 0.018750 0.076852
2 0.896615 0.489815 0.016146 0.075926
2 0.605729 0.680556 0.019792 0.098148
2 0.195573 0.479630 0.023438 0.068519
3 0.192930 0.246352 0.011901 0.042704
2 0.359445 0.246361 0.011599 0.037167
0 0.663055 0.343236 0.005276 0.010546
