2 0.289583 0.261111 0.009375 0.038889
2 0.197396 0.289815 0.009375 0.044444
2 0.321354 0.279167 0.009375 0.039815
2 0.209115 0.317130 0.010937 0.047222
1 0.965625 0.342593 0.012500 0.048148
0 0.831771 0.558333 0.007292 0.011111
2 0.443229 0.277315 0.010417 0.041667
2 0.618490 0.300926 0.008854 0.044444
2 0.482031 0.267593 0.008854 0.042593
2 0.158594 0.374537 0.011979 0.056481
2 0.123698 0.609259 0.029687 0.075926
2 0.586979 0.281944 0.009375 0.047222
2 0.145573 0.356019 0.011979 0.056481
2 0.242703 0.420370 0.017698 0.062963
3 0.288281 0.375000 0.013021 0.059259
2 0.313021 0.520833 0.016667 0.075000
2 0.428646 0.390741 0.016667 0.055556
2 0.433073 0.485648 0.016146 0.062037
2 0.603385 0.435648 0.013021 0.063889
2 0.277083 0.782407 0.028125 0.101852
2 0.515104 0.435185 0.018750 0.062963
2 0.684375 0.492130 0.014583 0.067593
2 0.896615 0.523611 0.020313 0.076852
