2 0.592969 0.668981 0.027604 0.047222
2 0.238542 0.353704 0.012500 0.044444
3 0.975000 0.672222 0.028125 0.077778
2 0.289583 0.361574 0.009375 0.043519
2 0.501563 0.316667 0.009375 0.038889
2 0.319010 0.417130 0.010937 0.054630
2 0.433854 0.331019 0.008333 0.041667
2 0.593229 0.381944 0.010417 0.052778
2 0.207552 0.443056 0.010937 0.060185
1 0.939583 0.405093 0.012500 0.054630
2 0.196875 0.433333 0.013542 0.059259
3 0.305990 0.453241 0.013021 0.060185
2 0.736719 0.550000 0.016146 0.072222
2 0.753906 0.467593 0.021354 0.055556
2 0.671615 0.633796 0.026562 0.078704
2 0.126042 0.594907 0.019792 0.080556
2 0.750260 0.627778 0.020313 0.061111
2 0.583854 0.397222 0.012500 0.055556
2 0.910156 0.590278 0.022396 0.078704
2 0.813802 0.666667 0.018229 0.087037
2 0.296094 0.630093 0.020313 0.086111
2 0.145833 0.712037 0.022917 0.092593
0 0.746565 0.488986 0.006672 0.013157
2 0.306841 0.309690 0.012641 0.039750
3 0.214823 0.277903 0.008813 0.035435
