2 0.618198 0.232713 0.008271 0.037648
2 0.757031 0.297222 0.011979 0.051852
2 0.684635 0.265741 0.009896 0.046296
2 0.573698 0.227778 0.010937 0.037037
2 0.707292 0.276389 0.012500 0.043519
2 0.769271 0.306481 0.010417 0.046296
2 0.546094 0.267593 0.008854 0.046296
2 0.692448 0.292130 0.008854 0.049074
3 0.520312 0.259722 0.009375 0.047222
2 0.641146 0.288426 0.009375 0.049074
2 0.750260 0.330093 0.013021 0.052778
2 0.354427 0.240278 0.008854 0.037963
2 0.143229 0.313426 0.009375 0.052778
2 0.791146 0.334722 0.010417 0.050926
2 0.405990 0.318056 0.009896 0.052778
2 0.711198 0.377315 0.013021 0.058333
2 0.176823 0.313889 0.010937 0.055556
2 0.496875 0.323611 0.015625 0.052778
2 0.160677 0.385648 0.017188 0.065741
1 0.825305 0.292894 0.012068 0.043194
2 0.621987 0.226315 0.008557 0.037815
3 0.030180 0.245125 0.012443 0.056917
