2 0.529167 0.242130 0.006250 0.030556
2 0.329167 0.244444 0.007292 0.037037
2 0.336458 0.256481 0.009375 0.044444
2 0.629948 0.254630 0.017188 0.050000
2 0.670312 0.242130 0.009375 0.041667
2 0.527604 0.271759 0.008333 0.043519
2 0.495573 0.249537 0.008854 0.041667
2 0.504167 0.250000 0.008333 0.042593
1 0.909896 0.296296 0.009375 0.048148
3 0.404427 0.302315 0.008854 0.047222
2 0.588281 0.291667 0.023438 0.042593
2 0.169792 0.289815 0.012500 0.046296
2 0.154948 0.286574 0.010937 0.049074
2 0.304688 0.321296 0.017708 0.046296
2 0.225521 0.328704 0.012500 0.051852
2 0.407031 0.382407 0.011979 0.061111
2 0.267969 0.481481 0.014063 0.074074
2 0.757552 0.412037 0.019271 0.068519
2 0.547917 0.630556 0.022917 0.094444
2 0.594531 0.414815 0.013021 0.064815
2 0.189062 0.437500 0.020833 0.069444
0 0.601471 0.311648 0.006068 0.010333
2 0.520938 0.228912 0.010625 0.035602
3 0.156932 0.240644 0.009698 0.046102
