2 0.616440 0.195181 0.020380 0.058880
3 0.228885 0.128065 0.014021 0.061685
2 0.609896 0.210648 0.026042 0.071296
2 0.558333 0.164352 0.020833 0.056481
2 0.394010 0.193981 0.018229 0.069444
2 0.332031 0.187963 0.014063 0.066667
2 0.448437 0.190278 0.012500 0.065741
2 0.291406 0.241204 0.014063 0.071296
2 0.513802 0.179167 0.013021 0.060185
2 0.544010 0.192130 0.017188 0.062037
2 0.269010 0.186574 0.013021 0.071296
2 0.675521 0.175926 0.021875 0.064815
2 0.782292 0.205093 0.013542 0.069444
2 0.300260 0.302315 0.019271 0.084259
3 0.457031 0.264815 0.018229 0.079630
2 0.480208 0.225463 0.013542 0.073148
2 0.236458 0.240278 0.019792 0.075000
2 0.805469 0.253241 0.022396 0.076852
2 0.657813 0.212963 0.027083 0.062963
2 0.767969 0.325463 0.017188 0.084259
2 0.703646 0.284259 0.030208 0.077778
2 0.392844 0.157333 0.021104 0.062815
0 0.565875 0.137917 0.004667 0.009167
