0 0.592187 0.628241 0.007292 0.012037
2 0.295312 0.307407 0.008333 0.037037
2 0.599479 0.364352 0.009375 0.045370
2 0.241927 0.381019 0.008854 0.049074
2 0.196094 0.404630 0.010937 0.050000
2 0.563281 0.522685 0.013021 0.062037
2 0.598958 0.431019 0.014583 0.049074
2 0.470833 0.309259 0.008333 0.038889
2 0.107292 0.540278 0.016667 0.075000
2 0.410938 0.322222 0.009375 0.040741
2 0.577865 0.341667 0.008854 0.046296
3 0.273958 0.443981 0.012500 0.060185
2 0.182552 0.425926 0.010937 0.059259
1 0.895833 0.400926 0.011458 0.055556
3 0.965365 0.653704 0.015104 0.074074
2 0.583594 0.544907 0.015104 0.067593
2 0.275781 0.613426 0.018229 0.076852
2 0.531771 0.672222 0.029167 0.070370
2 0.160156 0.624537 0.016146 0.082407
2 0.598698 0.675000 0.018229 0.083333
2 0.784115 0.589815 0.018229 0.075926
2 0.905469 0.623611 0.025521 0.086111
3 0.190604 0.280926 0.011417 0.035926
2 0.239125 0.335944 0.008458 0.040407
2 0.232042 0.333838 0.007833 0.039898
