2 0.595313 0.256944 0.011458 0.036111
2 0.563802 0.301389 0.010937 0.028704
2 0.696094 0.243519 0.010937 0.037037
2 0.731771 0.253704 0.008333 0.040741
2 0.262760 0.253241 0.006771 0.039815
2 0.430208 0.248148 0.009375 0.037037
2 0.279813 0.277162 0.016917 0.043213
3 0.223958 0.230093 0.013542 0.036111
2 0.754948 0.271296 0.011979 0.040741
2 0.646354 0.365741 0.011458 0.057407
2 0.771354 0.285185 0.010417 0.050000
2 0.831510 0.343981 0.011979 0.060185
2 0.636979 0.292593 0.010417 0.048148
2 0.561719 0.335648 0.013021 0.054630
3 0.517969 0.306944 0.010937 0.052778
2 0.470573 0.339352 0.010937 0.054630
2 0.373698 0.417130 0.015104 0.062037
2 0.712240 0.351389 0.010937 0.058333
2 0.803125 0.435185 0.014583 0.068519
2 0.123698 0.323148 0.014063 0.053704
2 0.588542 0.427315 0.014583 0.067593
2 0.859896 0.434259 0.012500 0.066667
0 0.415435 0.268894 0.004828 0.010009
