2 0.723698 0.257870 0.008854 0.045370
2 0.716667 0.261111 0.009375 0.044444
2 0.586979 0.205556 0.011458 0.033333
2 0.751042 0.284722 0.009375 0.047222
2 0.613680 0.219944 0.016943 0.036185
2 0.782292 0.300926 0.008333 0.046296
2 0.659831 0.276324 0.009245 0.050796
3 0.515365 0.235648 0.007812 0.041667
2 0.576042 0.241204 0.010417 0.041667
2 0.745573 0.323148 0.008854 0.053704
2 0.417969 0.225463 0.008854 0.039815
2 0.762240 0.324537 0.009896 0.050926
2 0.673958 0.347685 0.016667 0.054630
2 0.139323 0.294907 0.010937 0.052778
2 0.164583 0.367130 0.017708 0.065741
2 0.476302 0.306944 0.017188 0.049074
2 0.401302 0.299074 0.014063 0.051852
2 0.156510 0.293981 0.010937 0.054630
0 0.604292 0.235116 0.005458 0.010972
2 0.576318 0.206829 0.014094 0.037731
1 0.808133 0.286014 0.014182 0.042398
2 0.660326 0.256755 0.014401 0.043139
