2 0.358333 0.343981 0.011458 0.041667
2 0.418229 0.261574 0.008333 0.037963
2 0.666667 0.370833 0.012500 0.047222
2 0.178385 0.466204 0.014063 0.037963
2 0.359375 0.372685 0.010417 0.056481
2 0.328646 0.298611 0.008333 0.041667
2 0.534375 0.316204 0.013542 0.039815
2 0.178646 0.509259 0.014583 0.074074
2 0.472135 0.341667 0.009896 0.046296
2 0.725521 0.291667 0.009375 0.046296
2 0.462760 0.445370 0.013021 0.064815
2 0.660417 0.386574 0.012500 0.054630
2 0.848437 0.389352 0.010417 0.060185
2 0.246875 0.394907 0.016667 0.060185
2 0.222656 0.378704 0.013021 0.059259
2 0.526823 0.719907 0.018229 0.097222
2 0.208854 0.433333 0.017708 0.064815
2 0.580729 0.458333 0.012500 0.072222
3 0.374740 0.450926 0.013021 0.068519
2 0.491927 0.477315 0.017188 0.067593
2 0.874219 0.574074 0.019271 0.087037
3 0.293393 0.247917 0.010745 0.040278
0 0.671906 0.387120 0.007354 0.013130
