2 0.507292 0.204630 0.008333 0.050000
2 0.519271 0.183333 0.011458 0.051852
2 0.578906 0.200926 0.007812 0.044444
2 0.294531 0.209259 0.011979 0.061111
2 0.550521 0.188889 0.016667 0.057407
2 0.612500 0.198611 0.009375 0.063889
2 0.397917 0.182870 0.014583 0.054630
2 0.434896 0.211574 0.016667 0.054630
2 0.445573 0.214352 0.016146 0.056481
2 0.340885 0.215278 0.014063 0.060185
2 0.301823 0.253241 0.014063 0.067593
2 0.509375 0.250926 0.016667 0.070370
2 0.766927 0.267593 0.016146 0.072222
2 0.585677 0.237037 0.018229 0.070370
2 0.265625 0.261574 0.017708 0.071296
2 0.689063 0.289815 0.018750 0.070370
2 0.276562 0.325000 0.014583 0.083333
2 0.727865 0.226852 0.020313 0.064815
3 0.463542 0.288889 0.021875 0.075926
2 0.741146 0.340741 0.025000 0.081481
3 0.234445 0.154722 0.013682 0.055741
0 0.461268 0.042653 0.006911 0.013083
