3 0.169224 0.162343 0.012406 0.054315
2 0.419010 0.169907 0.016146 0.047222
2 0.539583 0.185648 0.014583 0.043519
2 0.606250 0.170833 0.010417 0.049074
2 0.684635 0.181481 0.010937 0.051852
2 0.525000 0.202778 0.019792 0.050000
2 0.264844 0.190741 0.009896 0.055556
2 0.459896 0.193981 0.016667 0.063889
2 0.446094 0.196759 0.013021 0.058333
2 0.653906 0.189815 0.014063 0.044444
2 0.194531 0.194907 0.013021 0.056481
2 0.628906 0.162500 0.014063 0.043519
2 0.134115 0.265278 0.014063 0.069444
2 0.699740 0.197685 0.019271 0.045370
2 0.284375 0.262037 0.016667 0.066667
2 0.774479 0.243519 0.014583 0.066667
3 0.555208 0.243981 0.016667 0.063889
2 0.630990 0.231481 0.013021 0.064815
2 0.263542 0.369444 0.015625 0.085185
2 0.761719 0.326389 0.014063 0.075000
2 0.454427 0.322222 0.017188 0.077778
2 0.852083 0.324074 0.014583 0.074074
