2 0.637750 0.193653 0.008833 0.059528
2 0.645052 0.177315 0.010937 0.047222
2 0.632292 0.200463 0.010417 0.052778
2 0.606510 0.177315 0.014063 0.049074
3 0.190885 0.165741 0.011979 0.050000
2 0.433073 0.178241 0.013021 0.047222
2 0.463542 0.211111 0.012500 0.059259
2 0.559375 0.209722 0.014583 0.060185
2 0.493750 0.208796 0.014583 0.054630
2 0.281771 0.203241 0.019792 0.050926
2 0.754948 0.211111 0.013021 0.059259
2 0.295833 0.263889 0.011458 0.066667
2 0.596354 0.233333 0.016667 0.057407
2 0.789323 0.249537 0.010937 0.067593
2 0.259635 0.201852 0.011979 0.061111
2 0.829688 0.332407 0.010417 0.077778
2 0.750521 0.296296 0.013542 0.068519
2 0.190885 0.268981 0.021354 0.067593
2 0.460677 0.274074 0.021354 0.059259
3 0.553125 0.260185 0.014583 0.070370
2 0.247656 0.356944 0.018229 0.084259
