2 0.185156 0.257870 0.013021 0.047222
0 0.819010 0.559722 0.007812 0.012037
2 0.151964 0.316241 0.016427 0.052852
2 0.536719 0.723148 0.038021 0.107407
2 0.283594 0.336574 0.011979 0.060185
2 0.586979 0.258333 0.011458 0.048148
2 0.461719 0.368981 0.017188 0.058333
2 0.441406 0.376389 0.023438 0.062037
2 0.682031 0.351389 0.020313 0.063889
2 0.499479 0.304630 0.014583 0.051852
2 0.785156 0.412963 0.016146 0.070370
3 0.251823 0.434259 0.015104 0.077778
2 0.517708 0.477315 0.017708 0.078704
2 0.121094 0.452778 0.015104 0.077778
2 0.275000 0.404630 0.021875 0.068519
2 0.159375 0.662963 0.022917 0.100000
2 0.421354 0.482407 0.020833 0.081481
2 0.030729 0.602315 0.023958 0.097222
2 0.576302 0.744907 0.035937 0.110185
2 0.858594 0.531944 0.017188 0.086111
2 0.073958 0.452778 0.028125 0.083333
2 0.383333 0.596296 0.032292 0.088889
3 0.129013 0.226208 0.011151 0.046861
