2 0.525521 0.250463 0.011458 0.049074
2 0.433333 0.240278 0.008333 0.047222
2 0.470906 0.254352 0.012646 0.049444
2 0.516146 0.262500 0.021875 0.050926
2 0.544271 0.237037 0.013542 0.046296
2 0.594271 0.247222 0.009375 0.051852
2 0.326562 0.255093 0.009375 0.054630
2 0.448698 0.254630 0.009896 0.040741
2 0.340365 0.255556 0.010937 0.051852
2 0.138281 0.274537 0.008854 0.052778
1 0.857552 0.269444 0.015104 0.061111
2 0.581510 0.297222 0.014063 0.055556
2 0.651042 0.275463 0.012500 0.054630
2 0.082292 0.273148 0.013542 0.057407
2 0.725521 0.315741 0.015625 0.057407
3 0.357812 0.275926 0.015625 0.055556
2 0.118750 0.346296 0.020833 0.064815
2 0.438542 0.286574 0.016667 0.058333
2 0.151823 0.346296 0.014063 0.066667
2 0.485677 0.385648 0.027604 0.063889
0 0.480279 0.270968 0.005349 0.010454
2 0.469047 0.210046 0.011010 0.036759
2 0.473685 0.239292 0.014036 0.047102
