0 0.470573 0.200000 0.005729 0.011111
2 0.502581 0.140588 0.014536 0.051546
2 0.544792 0.198148 0.016667 0.057407
2 0.725521 0.254630 0.016667 0.072222
2 0.430469 0.171296 0.020313 0.048148
2 0.385937 0.178704 0.019792 0.051852
2 0.563021 0.158796 0.015625 0.054630
2 0.369010 0.203241 0.018229 0.063889
2 0.575781 0.182870 0.014063 0.062037
2 0.077344 0.213426 0.014063 0.071296
2 0.535937 0.228704 0.018750 0.064815
2 0.333594 0.193519 0.017188 0.062963
2 0.186979 0.216667 0.019792 0.066667
2 0.211458 0.288889 0.011458 0.079630
3 0.347135 0.254167 0.024479 0.071296
2 0.082812 0.292130 0.018750 0.076852
2 0.423177 0.253704 0.023438 0.074074
2 0.477344 0.410648 0.028646 0.093519
2 0.696354 0.212963 0.023958 0.066667
2 0.599740 0.247222 0.025521 0.072222
2 0.569531 0.284722 0.027604 0.067593
2 0.794271 0.306481 0.015625 0.075926
