2 0.651042 0.239352 0.009375 0.037963
3 0.203906 0.234259 0.008854 0.038889
2 0.673698 0.251852 0.014063 0.035185
2 0.653125 0.355093 0.016667 0.049074
2 0.709115 0.344444 0.015104 0.051852
2 0.681190 0.276815 0.013422 0.040667
3 0.529427 0.312037 0.018229 0.048148
2 0.589063 0.283333 0.016667 0.038889
2 0.446615 0.319907 0.010937 0.047222
2 0.350781 0.257407 0.009896 0.038889
2 0.188802 0.258796 0.009896 0.039815
2 0.420573 0.256944 0.015104 0.041667
2 0.618490 0.272222 0.011979 0.042593
2 0.495312 0.425463 0.018750 0.056481
2 0.403906 0.263426 0.011979 0.045370
2 0.830208 0.385185 0.028125 0.050000
2 0.809115 0.386574 0.014063 0.052778
2 0.701167 0.412028 0.020042 0.059241
2 0.837500 0.325926 0.014583 0.051852
2 0.567448 0.335648 0.019271 0.049074
2 0.160677 0.348611 0.018229 0.060185
2 0.682174 0.302259 0.015391 0.043407
