3 0.238880 0.236708 0.009010 0.040083
2 0.526578 0.341875 0.013573 0.052269
2 0.613802 0.284259 0.011979 0.037037
2 0.624740 0.291667 0.015104 0.044444
2 0.600000 0.274537 0.014583 0.041667
2 0.527083 0.369907 0.012500 0.054630
2 0.698438 0.289352 0.010417 0.045370
3 0.483333 0.309722 0.013542 0.049074
2 0.480990 0.265278 0.009896 0.041667
2 0.636198 0.335648 0.010937 0.052778
2 0.250000 0.292593 0.009375 0.046296
2 0.513281 0.409722 0.011979 0.062037
2 0.336198 0.385648 0.019271 0.054630
2 0.557552 0.415278 0.014063 0.062037
2 0.169271 0.351389 0.011458 0.056481
2 0.746615 0.343981 0.011979 0.052778
2 0.332031 0.474074 0.016146 0.074074
2 0.696875 0.387963 0.016667 0.062963
2 0.802865 0.531481 0.016146 0.075926
2 0.695312 0.550000 0.019792 0.081481
2 0.811458 0.395833 0.015625 0.063889
2 0.535677 0.518519 0.020313 0.070370
0 0.178234 0.367509 0.005427 0.010944
