0 0.673958 0.450926 0.006250 0.011111
2 0.304688 0.241204 0.008333 0.039815
2 0.404687 0.343981 0.013542 0.054630
2 0.527344 0.307407 0.010937 0.048148
2 0.254427 0.309259 0.009896 0.048148
2 0.673438 0.270833 0.014583 0.047222
2 0.714063 0.476389 0.029167 0.065741
2 0.276823 0.400926 0.014063 0.066667
2 0.687500 0.427778 0.017708 0.061111
2 0.467448 0.414815 0.015104 0.062963
3 0.344531 0.450926 0.014063 0.072222
2 0.741406 0.380556 0.017188 0.061111
2 0.505208 0.361111 0.018750 0.055556
2 0.950521 0.417593 0.014583 0.068519
2 0.182031 0.404630 0.014063 0.070370
2 0.127083 0.549074 0.022917 0.088889
2 0.766406 0.487500 0.029687 0.073148
2 0.522656 0.540278 0.017188 0.084259
2 0.325521 0.669444 0.034375 0.103704
2 0.496094 0.767593 0.033854 0.112963
2 0.184635 0.691204 0.030729 0.100926
2 0.607812 0.555093 0.026042 0.086111
3 0.269687 0.224389 0.010208 0.043222
