0 0.640885 0.385648 0.005729 0.010185
2 0.441406 0.256481 0.007812 0.038889
2 0.383854 0.237963 0.011458 0.037037
2 0.488281 0.254167 0.008854 0.045370
2 0.221875 0.263426 0.009375 0.043519
2 0.634635 0.265741 0.008854 0.042593
2 0.471875 0.261111 0.009375 0.042593
3 0.338802 0.319907 0.009896 0.049074
1 0.950521 0.320370 0.013542 0.051852
2 0.615365 0.263426 0.015104 0.047222
2 0.607552 0.346759 0.010937 0.050926
2 0.364844 0.354167 0.015104 0.054630
2 0.288802 0.282870 0.011979 0.049074
2 0.153125 0.325926 0.011458 0.055556
2 0.166406 0.325926 0.011979 0.053704
2 0.883073 0.438426 0.016146 0.071296
2 0.440104 0.415741 0.010417 0.057407
2 0.599479 0.432407 0.020833 0.064815
2 0.650260 0.358796 0.010937 0.060185
2 0.190885 0.499537 0.016146 0.076852
2 0.329688 0.733796 0.029167 0.102778
2 0.420312 0.340278 0.011458 0.050926
2 0.324219 0.513426 0.020313 0.078704
3 0.155086 0.241153 0.012255 0.043417
