2 0.316406 0.973611 0.025521 0.050926
2 0.160417 0.242593 0.010417 0.042593
2 0.109115 0.343519 0.011979 0.033333
2 0.156250 0.275926 0.011458 0.044444
2 0.284375 0.305093 0.010417 0.050926
0 0.662500 0.570833 0.007292 0.012037
2 0.591146 0.241204 0.009375 0.041667
2 0.495312 0.332407 0.016667 0.053704
2 0.506771 0.286574 0.011458 0.050926
1 0.936198 0.318981 0.014063 0.054630
2 0.111719 0.433333 0.015104 0.057407
2 0.537500 0.356944 0.013542 0.058333
2 0.117708 0.377778 0.019792 0.055556
2 0.476042 0.415741 0.013542 0.066667
2 0.667188 0.317593 0.010417 0.053704
2 0.453125 0.375000 0.012500 0.057407
2 0.259635 0.345833 0.014063 0.054630
2 0.483594 0.477315 0.015104 0.075000
2 0.388542 0.617593 0.030208 0.088889
2 0.346094 0.510185 0.023438 0.070370
2 0.887500 0.531481 0.018750 0.088889
3 0.288281 0.381481 0.015104 0.064815
2 0.668490 0.393519 0.013021 0.070370
2 0.643750 0.691204 0.020833 0.100926
3 0.104924 0.227856 0.010891 0.046454
