2 0.052836 0.644176 0.021297 0.064278
2 0.775000 0.370370 0.011458 0.040741
1 0.154167 0.360648 0.012500 0.047222
2 0.422656 0.371759 0.013021 0.039815
2 0.726823 0.349074 0.013021 0.040741
2 0.290365 0.459722 0.011979 0.056481
2 0.406250 0.393056 0.014583 0.045370
3 0.442708 0.462037 0.013542 0.059259
2 0.265885 0.457870 0.014063 0.056481
2 0.291667 0.608333 0.014583 0.075926
2 0.423698 0.576852 0.016146 0.077778
2 0.360677 0.529167 0.010937 0.069444
2 0.235677 0.555093 0.019271 0.069444
2 0.064323 0.595370 0.033854 0.061111
2 0.641406 0.656944 0.020313 0.087963
2 0.649740 0.545370 0.017188 0.066667
2 0.913281 0.637500 0.016146 0.080556
2 0.542708 0.650463 0.020833 0.080556
2 0.528385 0.478241 0.016146 0.058333
2 0.788281 0.648611 0.023438 0.086111
2 0.317448 0.620833 0.019271 0.082407
2 0.858333 0.491204 0.016667 0.063889
3 0.517237 0.278903 0.008432 0.035583
