2 0.474219 0.202315 0.008854 0.039815
3 0.297870 0.197500 0.011365 0.046852
2 0.288977 0.240745 0.010245 0.048157
2 0.205729 0.366204 0.013542 0.067593
2 0.702604 0.264815 0.015625 0.051852
2 0.549479 0.257870 0.012500 0.049074
2 0.584635 0.287500 0.015104 0.050926
3 0.369104 0.377676 0.012167 0.072019
2 0.570833 0.496296 0.014583 0.081481
2 0.380729 0.281944 0.010417 0.054630
2 0.231510 0.306019 0.013021 0.058333
2 0.623698 0.309259 0.010937 0.059259
2 0.352865 0.253704 0.016146 0.048148
2 0.252865 0.311111 0.015104 0.057407
2 0.832292 0.377315 0.016667 0.065741
2 0.523698 0.439815 0.022396 0.075926
2 0.397917 0.342593 0.017708 0.051852
2 0.391927 0.416667 0.015104 0.072222
2 0.890625 0.544907 0.019792 0.093519
2 0.135156 0.472685 0.021354 0.080556
2 0.175260 0.585648 0.019271 0.095370
2 0.418229 0.720370 0.035417 0.107407
0 0.740922 0.326130 0.006844 0.013370
