3 0.215529 0.220620 0.010224 0.041241
0 0.790625 0.320833 0.006250 0.012037
2 0.343490 0.243519 0.008854 0.038889
2 0.114062 0.453704 0.017708 0.072222
2 0.405469 0.279167 0.013021 0.041667
2 0.258854 0.278704 0.011458 0.046296
2 0.103906 0.474537 0.013021 0.063889
2 0.630208 0.260185 0.010417 0.044444
2 0.276823 0.322222 0.019271 0.050000
2 0.153125 0.307407 0.013542 0.051852
2 0.677865 0.252315 0.017188 0.039815
2 0.555208 0.316204 0.012500 0.049074
2 0.524219 0.409722 0.022396 0.065741
2 0.681510 0.314815 0.018229 0.040741
2 0.197917 0.354630 0.014583 0.061111
2 0.506510 0.475463 0.023438 0.067593
2 0.443490 0.396759 0.020313 0.062037
2 0.177083 0.400000 0.022917 0.064815
3 0.319271 0.406481 0.017708 0.068519
2 0.352604 0.725463 0.026042 0.106481
2 0.907552 0.348611 0.009896 0.058333
2 0.876042 0.558796 0.025000 0.089815
