2 0.707552 0.179630 0.018229 0.053704
2 0.700260 0.203704 0.014063 0.062963
2 0.686458 0.193981 0.016667 0.065741
2 0.737760 0.223611 0.020313 0.054630
2 0.738542 0.275000 0.021875 0.081481
2 0.449479 0.149537 0.009375 0.060185
2 0.797656 0.225926 0.010937 0.074074
2 0.201302 0.194444 0.013021 0.070370
2 0.304688 0.198611 0.014583 0.065741
2 0.578906 0.202778 0.021354 0.057407
2 0.295312 0.257870 0.016667 0.069444
2 0.417187 0.200000 0.015625 0.070370
2 0.817708 0.262037 0.013542 0.074074
2 0.514583 0.228704 0.025000 0.057407
2 0.616927 0.221759 0.019271 0.071296
3 0.464062 0.263889 0.019792 0.079630
2 0.483333 0.226852 0.015625 0.068519
2 0.208333 0.253241 0.013542 0.078704
2 0.392188 0.348148 0.023958 0.075926
2 0.880208 0.314815 0.017708 0.079630
3 0.182846 0.130903 0.014651 0.067361
2 0.689474 0.176144 0.020615 0.063398
