2 0.512240 0.280556 0.009896 0.035185
2 0.621172 0.313069 0.015260 0.031694
2 0.576042 0.290741 0.007292 0.025926
2 0.501823 0.293056 0.006771 0.036111
2 0.463021 0.295833 0.007292 0.030556
2 0.689583 0.442130 0.009375 0.047222
2 0.486458 0.427315 0.009375 0.047222
2 0.479948 0.311111 0.006771 0.035185
3 0.483333 0.383333 0.008333 0.040741
2 0.778906 0.320370 0.011979 0.037037
2 0.422656 0.346759 0.011979 0.034259
2 0.773958 0.375000 0.009375 0.046296
2 0.373958 0.318519 0.007292 0.035185
2 0.221615 0.457407 0.008854 0.044444
2 0.402815 0.358796 0.019172 0.041667
2 0.300521 0.375000 0.007292 0.044444
2 0.612760 0.352315 0.008854 0.036111
2 0.701562 0.521759 0.009375 0.050926
2 0.733073 0.447222 0.009896 0.048148
2 0.332031 0.407870 0.013021 0.045370
1 0.094271 0.385185 0.011458 0.046296
2 0.378385 0.530093 0.013021 0.056481
0 0.570565 0.300287 0.003630 0.007981
3 0.390714 0.268394 0.007469 0.031231
