3 0.466510 0.203093 0.009062 0.032111
2 0.676562 0.270833 0.007292 0.032407
0 0.892708 0.513426 0.006250 0.010185
2 0.422396 0.269444 0.011458 0.037037
2 0.370312 0.346296 0.009375 0.044444
2 0.507552 0.354167 0.010937 0.043519
2 0.520573 0.381481 0.009896 0.051852
2 0.395052 0.329630 0.006771 0.040741
1 0.137005 0.354875 0.012552 0.050491
2 0.437240 0.500463 0.014063 0.058333
2 0.556510 0.467593 0.010937 0.062963
2 0.720052 0.415741 0.010937 0.050000
2 0.408073 0.387963 0.013021 0.046296
3 0.385417 0.475000 0.016667 0.053704
2 0.377344 0.386574 0.011979 0.050926
2 0.711719 0.610648 0.011979 0.067593
2 0.410156 0.856019 0.017188 0.076852
2 0.295052 0.476852 0.013021 0.059259
2 0.522135 0.503704 0.014063 0.059259
2 0.289062 0.679630 0.022917 0.079630
2 0.372396 0.516667 0.018750 0.061111
2 0.920052 0.468519 0.022396 0.055556
2 0.775260 0.620370 0.016146 0.072222
2 0.452961 0.213431 0.009047 0.032417
