2 0.478646 0.203704 0.006250 0.029630
2 0.422563 0.370421 0.021167 0.048250
2 0.428646 0.390278 0.021875 0.039815
2 0.298266 0.408861 0.019448 0.049204
2 0.435417 0.368981 0.009375 0.052778
2 0.730990 0.269907 0.008854 0.037963
2 0.418729 0.315597 0.013500 0.034898
2 0.395833 0.271296 0.015625 0.033333
2 0.383802 0.409852 0.021771 0.041926
2 0.311458 0.410185 0.014583 0.050000
2 0.707812 0.371759 0.011458 0.054630
2 0.692448 0.384722 0.016146 0.050926
2 0.558333 0.459722 0.010417 0.058333
2 0.472396 0.444907 0.013542 0.054630
1 0.100521 0.339352 0.015625 0.047222
2 0.282031 0.784722 0.026562 0.071296
3 0.421094 0.450000 0.017188 0.055556
2 0.843229 0.579630 0.015625 0.074074
2 0.490104 0.404167 0.021875 0.052778
2 0.754948 0.517130 0.015104 0.065741
2 0.262500 0.580556 0.025000 0.066667
0 0.395117 0.381810 0.005859 0.011769
2 0.295760 0.368481 0.013396 0.048074
3 0.449521 0.191194 0.006333 0.028685
