2 0.175260 0.628704 0.018229 0.048148
2 0.186979 0.517593 0.009375 0.046296
2 0.470052 0.341204 0.006771 0.030556
2 0.345052 0.400000 0.007812 0.040741
2 0.444271 0.428241 0.008333 0.043519
2 0.305469 0.441667 0.008854 0.046296
2 0.334896 0.402315 0.008333 0.037963
2 0.616146 0.495833 0.009375 0.047222
2 0.324219 0.453704 0.010937 0.042593
2 0.602604 0.323148 0.008333 0.035185
2 0.794792 0.426389 0.009375 0.045370
2 0.623698 0.499074 0.008854 0.055556
2 0.480208 0.362037 0.008333 0.033333
3 0.444792 0.482870 0.009375 0.047222
2 0.352344 0.632407 0.014063 0.057407
3 0.853646 0.951852 0.026042 0.081481
2 0.329427 0.572685 0.019271 0.054630
2 0.743229 0.590278 0.015625 0.054630
2 0.803646 0.630556 0.023958 0.061111
1 0.267872 0.345546 0.009703 0.039241
0 0.164393 0.626079 0.008995 0.009565
2 0.150458 0.607870 0.014458 0.054630
2 0.157555 0.602778 0.016151 0.038889
2 0.169063 0.608144 0.015208 0.044065
3 0.515568 0.245213 0.006135 0.023759
