2 0.326802 0.288111 0.007771 0.031778
2 0.638281 0.363426 0.008854 0.045370
2 0.421875 0.278241 0.010417 0.030556
2 0.384635 0.289815 0.006771 0.031481
3 0.107813 0.316667 0.009375 0.033333
2 0.546354 0.276389 0.009375 0.028704
2 0.508333 0.275000 0.009375 0.031481
2 0.556510 0.322222 0.009896 0.035185
2 0.638802 0.388889 0.008854 0.048148
2 0.592708 0.319907 0.008333 0.039815
1 0.826562 0.351852 0.009375 0.044444
2 0.087240 0.458796 0.007812 0.052778
2 0.128385 0.378241 0.010937 0.039815
2 0.302604 0.362963 0.012500 0.042593
2 0.546094 0.371759 0.009896 0.045370
3 0.486719 0.319444 0.008854 0.037037
2 0.682031 0.424537 0.010937 0.050926
2 0.087240 0.531481 0.017188 0.053704
2 0.462760 0.408333 0.010937 0.048148
2 0.616927 0.458333 0.010937 0.050000
2 0.700521 0.419907 0.012500 0.049074
2 0.223438 0.435648 0.011458 0.049074
2 0.628125 0.622222 0.013542 0.064815
0 0.504951 0.279801 0.003651 0.005898
