2 0.602083 0.359722 0.007292 0.036111
2 0.527604 0.327778 0.007292 0.031481
2 0.396354 0.338426 0.007292 0.025000
2 0.631771 0.391667 0.010417 0.038889
1 0.810937 0.375926 0.007292 0.037037
2 0.482031 0.331481 0.007812 0.029630
2 0.548177 0.338426 0.006771 0.032407
2 0.583854 0.363426 0.007292 0.032407
2 0.422135 0.405093 0.008854 0.036111
2 0.540625 0.402315 0.009375 0.041667
3 0.502865 0.360185 0.007812 0.033333
2 0.386719 0.337500 0.006771 0.030556
2 0.180469 0.421759 0.007812 0.036111
2 0.532813 0.430093 0.010417 0.039815
2 0.643750 0.405093 0.009375 0.039815
2 0.626302 0.478704 0.010937 0.042593
2 0.678125 0.444444 0.008333 0.046296
2 0.286198 0.452778 0.008854 0.044444
2 0.703385 0.440741 0.011979 0.040741
2 0.598177 0.615741 0.009896 0.053704
2 0.171615 0.469907 0.010937 0.045370
2 0.141927 0.510648 0.011979 0.043519
3 0.188234 0.338986 0.007719 0.029824
