2 0.309896 0.394907 0.009375 0.036111
2 0.540365 0.290741 0.007812 0.029630
2 0.316146 0.401389 0.006250 0.041667
2 0.334115 0.352315 0.009896 0.032407
2 0.446615 0.309259 0.006771 0.027778
2 0.543490 0.328241 0.005729 0.028704
2 0.657552 0.354630 0.008854 0.027778
2 0.707552 0.325463 0.009896 0.034259
2 0.490104 0.343981 0.006250 0.036111
1 0.109375 0.406944 0.013542 0.043519
2 0.460938 0.294444 0.006250 0.031481
2 0.275000 0.415741 0.008333 0.038889
2 0.535156 0.346296 0.008854 0.037037
2 0.444792 0.387963 0.009375 0.038889
2 0.256250 0.445833 0.007292 0.039815
2 0.675521 0.582870 0.012500 0.058333
3 0.392448 0.444444 0.007812 0.046296
2 0.677344 0.450926 0.014063 0.044444
2 0.854948 0.398148 0.008854 0.044444
2 0.423177 0.437963 0.009896 0.044444
2 0.324740 0.548148 0.008854 0.050000
2 0.374219 0.626389 0.015104 0.060185
3 0.393036 0.283176 0.005865 0.027463
0 0.769396 0.378074 0.005458 0.009852
