2 0.628646 0.278241 0.007292 0.026852
2 0.905208 0.463426 0.010417 0.047222
2 0.519271 0.302315 0.009375 0.032407
2 0.400000 0.499537 0.012500 0.049074
1 0.248698 0.367130 0.010937 0.043519
2 0.640365 0.361111 0.014063 0.038889
2 0.875521 0.317130 0.007292 0.028704
2 0.309409 0.498111 0.019859 0.049926
2 0.467708 0.354167 0.010417 0.037963
2 0.274479 0.542593 0.017708 0.051852
2 0.409635 0.655556 0.023438 0.062963
2 0.421354 0.374074 0.013542 0.040741
2 0.434115 0.535648 0.019271 0.056481
2 0.604948 0.359259 0.013021 0.040741
2 0.260417 0.650926 0.015625 0.064815
2 0.238281 0.725926 0.021354 0.062963
2 0.789844 0.612037 0.011979 0.057407
2 0.355990 0.482870 0.019271 0.052778
2 0.727604 0.518519 0.011458 0.051852
3 0.473438 0.479630 0.015625 0.050000
2 0.430729 0.629630 0.023958 0.055556
2 0.308896 0.482088 0.010500 0.045657
0 0.407529 0.675852 0.006724 0.014667
3 0.555188 0.241241 0.007250 0.026926
