0 0.798958 0.511111 0.005208 0.011111
2 0.555469 0.384259 0.008854 0.042593
2 0.513542 0.282407 0.006250 0.027778
2 0.717448 0.320833 0.007812 0.032407
2 0.459896 0.306019 0.010417 0.032407
2 0.412760 0.377778 0.007812 0.042593
1 0.225000 0.368519 0.008333 0.042593
2 0.395573 0.390741 0.009896 0.040741
2 0.825781 0.423148 0.010937 0.038889
2 0.385937 0.442593 0.011458 0.048148
2 0.344271 0.475463 0.011458 0.052778
2 0.355990 0.429167 0.006771 0.043519
2 0.547917 0.404630 0.009375 0.042593
2 0.435417 0.463426 0.008333 0.043519
2 0.189583 0.748148 0.014583 0.062963
2 0.691927 0.475463 0.010937 0.043519
2 0.316406 0.551389 0.014063 0.058333
2 0.594010 0.678241 0.015104 0.071296
3 0.393229 0.517593 0.012500 0.055556
2 0.393490 0.638889 0.014063 0.062963
2 0.516146 0.508333 0.010417 0.057407
2 0.734375 0.614352 0.014583 0.060185
2 0.890104 0.974074 0.021875 0.050000
2 0.310677 0.622222 0.017188 0.064815
3 0.507815 0.251093 0.009380 0.035519
