3 0.351904 0.241403 0.006932 0.025398
1 0.985677 0.362963 0.011979 0.038889
2 0.651563 0.260648 0.006250 0.023148
2 0.332552 0.290741 0.009896 0.031481
3 0.409635 0.426389 0.014063 0.041667
2 0.295143 0.441569 0.015286 0.038694
2 0.410677 0.465741 0.015104 0.050000
2 0.455729 0.329167 0.012500 0.036111
2 0.528646 0.445370 0.008333 0.044444
2 0.472396 0.320833 0.008333 0.036111
2 0.278385 0.365278 0.013021 0.039815
1 0.031510 0.416667 0.018229 0.044444
2 0.303646 0.358796 0.010417 0.036111
2 0.539323 0.393056 0.010937 0.037963
2 0.238021 0.436111 0.015625 0.044444
2 0.734896 0.358333 0.008333 0.037037
2 0.216406 0.559259 0.021354 0.048148
2 0.215885 0.500000 0.020313 0.050000
2 0.520312 0.526389 0.011458 0.052778
2 0.289844 0.855556 0.021354 0.068519
3 0.968750 0.896296 0.022917 0.081481
2 0.289062 0.675926 0.019792 0.062963
2 0.573438 0.625000 0.026042 0.062963
2 0.201823 0.577778 0.025521 0.048148
2 0.412888 0.253917 0.008068 0.035611
0 0.563716 0.649856 0.006599 0.012676
