2 0.202344 0.605556 0.011979 0.046296
2 0.315104 0.463889 0.014583 0.042593
2 0.336997 0.412444 0.008370 0.039704
2 0.290625 0.474074 0.009375 0.044444
2 0.444792 0.445370 0.008333 0.042593
0 0.417708 0.675463 0.006250 0.012037
2 0.775521 0.455556 0.012500 0.057407
2 0.488542 0.416667 0.011458 0.044444
2 0.197917 0.643981 0.017708 0.058333
2 0.211979 0.505556 0.013542 0.046296
2 0.689844 0.587037 0.009896 0.057407
2 0.571094 0.497222 0.014063 0.053704
3 0.797422 0.922444 0.028177 0.076370
3 0.416146 0.494907 0.010417 0.049074
2 0.219792 0.652315 0.016667 0.060185
2 0.779167 0.718056 0.018750 0.065741
2 0.373177 0.622685 0.017188 0.052778
2 0.604427 0.340278 0.009896 0.037963
2 0.392448 0.647222 0.024479 0.061111
2 0.189867 0.596542 0.014109 0.046787
1 0.251154 0.348852 0.012724 0.036593
2 0.447427 0.345667 0.009437 0.035778
2 0.339328 0.401153 0.010948 0.035639
3 0.490284 0.247676 0.008693 0.024981
