2 0.500521 0.272685 0.006250 0.028704
2 0.417708 0.364815 0.007292 0.037037
2 0.700781 0.312963 0.006771 0.027778
2 0.551823 0.372222 0.008854 0.038889
2 0.465365 0.296296 0.007812 0.031481
2 0.573177 0.362500 0.008854 0.034259
2 0.405729 0.392130 0.008333 0.045370
1 0.239063 0.372685 0.012500 0.041667
2 0.709115 0.416204 0.007812 0.039815
2 0.396354 0.401389 0.008333 0.043519
2 0.372656 0.422685 0.008854 0.043519
2 0.469531 0.410185 0.007812 0.038889
2 0.537240 0.428241 0.011979 0.039815
2 0.358594 0.434259 0.009896 0.044444
3 0.398698 0.480093 0.009896 0.047222
2 0.728906 0.512963 0.015104 0.038889
2 0.378646 0.536574 0.009375 0.052778
2 0.208594 0.752315 0.015104 0.062037
2 0.792708 0.428241 0.014583 0.045370
2 0.307552 0.534259 0.013021 0.050000
3 0.879687 0.974074 0.018750 0.051852
2 0.488542 0.598148 0.015625 0.057407
2 0.694271 0.657870 0.014583 0.067593
3 0.497302 0.253468 0.007104 0.027306
0 0.741526 0.486111 0.004927 0.009259
