2 0.419281 0.237069 0.006271 0.031546
2 0.326914 0.363542 0.010078 0.045602
2 0.639844 0.280556 0.006771 0.031481
2 0.376563 0.285648 0.009375 0.034259
3 0.928120 0.962977 0.019781 0.074102
2 0.503073 0.482898 0.010313 0.056537
2 0.368229 0.400463 0.012500 0.041667
2 0.509375 0.337500 0.011458 0.036111
2 0.321354 0.398148 0.010417 0.050000
2 0.331510 0.392130 0.011979 0.047222
1 0.102865 0.384722 0.016146 0.047222
2 0.465453 0.376769 0.013198 0.047981
2 0.430276 0.414713 0.011594 0.047944
2 0.673438 0.425926 0.010417 0.042593
3 0.365885 0.466204 0.008854 0.054630
2 0.430990 0.482407 0.008854 0.048148
2 0.726823 0.453704 0.017188 0.050000
2 0.276562 0.453704 0.013542 0.050000
2 0.279167 0.634259 0.016667 0.061111
2 0.658333 0.555093 0.015625 0.062037
2 0.756250 0.593981 0.015625 0.067593
2 0.352344 0.850463 0.021354 0.075000
0 0.711492 0.470514 0.006318 0.011398
2 0.499937 0.450329 0.013417 0.045102
3 0.409198 0.229060 0.009021 0.028491
