2 0.486198 0.219907 0.006771 0.032407
2 0.391667 0.331481 0.006250 0.038889
2 0.696615 0.281019 0.008854 0.034259
0 0.671354 0.585185 0.007292 0.011111
2 0.434635 0.268519 0.009896 0.033333
1 0.174740 0.343981 0.009896 0.045370
2 0.378385 0.344907 0.008854 0.041667
2 0.531510 0.368981 0.007812 0.047222
2 0.841406 0.432407 0.011979 0.051852
2 0.390365 0.375463 0.011979 0.045370
2 0.468750 0.368981 0.008333 0.039815
2 0.520833 0.353704 0.009375 0.048148
2 0.376563 0.448611 0.012500 0.049074
2 0.329427 0.444907 0.009896 0.050926
2 0.592708 0.478241 0.015625 0.058333
2 0.659375 0.403704 0.012500 0.050000
3 0.919010 0.974537 0.016146 0.049074
3 0.411198 0.447222 0.010937 0.050000
2 0.572917 0.575926 0.016667 0.055556
2 0.257292 0.634259 0.015625 0.066667
2 0.717187 0.653241 0.016667 0.071296
2 0.337500 0.824074 0.021875 0.074074
2 0.638542 0.501389 0.023958 0.052778
2 0.365885 0.516204 0.010937 0.054630
