2 0.586396 0.292546 0.009250 0.031389
2 0.497396 0.316667 0.008333 0.033333
2 0.440167 0.350546 0.011583 0.039981
2 0.309987 0.392440 0.011641 0.047843
2 0.487760 0.285648 0.007812 0.032407
2 0.372135 0.326852 0.008854 0.029630
2 0.527083 0.325463 0.010417 0.039815
2 0.360677 0.357407 0.011979 0.037037
2 0.792448 0.320370 0.007812 0.035185
1 0.142969 0.379630 0.010937 0.042593
2 0.276174 0.411139 0.010682 0.040796
2 0.294010 0.374074 0.009896 0.042593
2 0.654427 0.355556 0.008854 0.037037
2 0.758073 0.434259 0.009896 0.050000
3 0.494792 0.411574 0.008333 0.045370
2 0.375260 0.501852 0.009896 0.051852
2 0.720052 0.498611 0.010937 0.052778
2 0.874479 0.403704 0.013542 0.048148
2 0.464844 0.411574 0.009896 0.047222
2 0.590625 0.530093 0.018750 0.050926
0 0.638625 0.303704 0.005375 0.009259
2 0.601990 0.282278 0.012313 0.034926
2 0.513617 0.271750 0.008484 0.032389
3 0.410938 0.263389 0.008333 0.028630
