2 0.319531 0.433333 0.009896 0.040741
2 0.452604 0.325926 0.006250 0.029630
3 0.922451 0.931870 0.020943 0.076704
2 0.290885 0.678704 0.016146 0.059259
2 0.277865 0.680556 0.029687 0.053704
1 0.232031 0.354167 0.014063 0.034259
2 0.332031 0.407407 0.007812 0.038889
2 0.252604 0.516667 0.012500 0.044444
2 0.352865 0.447685 0.010937 0.045370
2 0.590885 0.295833 0.009896 0.032407
2 0.455208 0.406944 0.013542 0.043519
2 0.363802 0.383796 0.011979 0.041667
2 0.752083 0.366667 0.007292 0.037037
2 0.464062 0.331019 0.008333 0.034259
2 0.575000 0.453704 0.010417 0.040741
3 0.435937 0.471296 0.010417 0.046296
2 0.176302 0.624537 0.023438 0.049074
2 0.408073 0.583796 0.015104 0.060185
2 0.760417 0.529167 0.010417 0.047222
2 0.341146 0.536574 0.011458 0.056481
2 0.589583 0.447222 0.009375 0.048148
2 0.153906 0.682870 0.024479 0.052778
2 0.883594 0.596296 0.013021 0.059259
3 0.494206 0.240477 0.008203 0.030954
