3 0.540365 0.247685 0.008854 0.025000
2 0.838281 0.342593 0.006771 0.033333
0 0.596094 0.711111 0.008854 0.011111
1 0.263542 0.356019 0.007292 0.036111
2 0.573438 0.292593 0.007292 0.035185
3 0.903125 0.985185 0.013542 0.027778
2 0.490365 0.309259 0.009896 0.033333
2 0.508073 0.639352 0.016146 0.063889
2 0.408594 0.377778 0.011979 0.038889
2 0.501823 0.660185 0.017188 0.061111
2 0.366927 0.432407 0.011979 0.040741
3 0.412240 0.519444 0.010937 0.051852
2 0.402083 0.485648 0.013542 0.052778
2 0.821875 0.770833 0.012500 0.069444
2 0.441927 0.369444 0.006771 0.040741
2 0.600521 0.408333 0.009375 0.044444
2 0.238542 0.718519 0.013542 0.062963
2 0.577344 0.398148 0.014063 0.040741
2 0.817187 0.472222 0.013542 0.050000
2 0.310677 0.475463 0.014063 0.045370
2 0.669531 0.547222 0.019271 0.048148
2 0.322656 0.548148 0.018229 0.053704
2 0.253385 0.657870 0.016146 0.063889
2 0.376823 0.624537 0.017188 0.062037
2 0.409641 0.501255 0.011990 0.052509
