2 0.355990 0.240741 0.010937 0.038889
2 0.198698 0.286574 0.010937 0.043519
2 0.183073 0.330093 0.009896 0.054630
2 0.244792 0.361574 0.011458 0.052778
2 0.110937 0.344444 0.011458 0.057407
2 0.230990 0.370833 0.011979 0.058333
2 0.699479 0.281481 0.010417 0.050000
2 0.100260 0.438426 0.016146 0.065741
2 0.452344 0.317130 0.011979 0.050926
1 0.855469 0.346296 0.014063 0.053704
2 0.427083 0.402778 0.016667 0.062963
2 0.482031 0.399074 0.016146 0.062963
2 0.223438 0.463426 0.014583 0.067593
2 0.563802 0.702315 0.019271 0.091667
2 0.879427 0.446759 0.014063 0.065741
3 0.301823 0.418056 0.016146 0.067593
2 0.404948 0.505093 0.016146 0.073148
2 0.150781 0.524074 0.016146 0.077778
2 0.089583 0.524074 0.018750 0.079630
2 0.056771 0.470833 0.015625 0.075000
2 0.247917 0.478704 0.020833 0.068519
2 0.208333 0.660185 0.026042 0.094444
0 0.738719 0.350806 0.005562 0.012722
3 0.120143 0.245042 0.009036 0.043787
