2 0.222135 0.410648 0.007812 0.043519
2 0.190365 0.375926 0.011979 0.042593
2 0.882542 0.453361 0.016125 0.049315
2 0.117143 0.487120 0.015536 0.053870
2 0.411979 0.351852 0.008333 0.038889
2 0.257031 0.395833 0.006771 0.043519
2 0.228646 0.484259 0.013542 0.059259
2 0.430208 0.423148 0.010417 0.051852
2 0.603906 0.310648 0.007812 0.039815
1 0.796875 0.363426 0.009375 0.043519
3 0.325781 0.422685 0.013021 0.049074
2 0.253906 0.493056 0.008854 0.054630
2 0.419010 0.427315 0.007812 0.049074
2 0.126302 0.540278 0.016146 0.069444
2 0.190365 0.647685 0.015104 0.073148
2 0.452344 0.663426 0.014063 0.075000
2 0.173437 0.565278 0.011458 0.065741
2 0.403385 0.508333 0.017188 0.057407
2 0.117284 0.470315 0.014776 0.053593
2 0.128547 0.393907 0.014385 0.050778
2 0.202711 0.334574 0.012714 0.045074
3 0.133185 0.302630 0.011161 0.040444
2 0.325513 0.300194 0.009359 0.035574
0 0.844766 0.465551 0.005156 0.010731
