2 0.610938 0.295833 0.014583 0.049074
2 0.655469 0.261111 0.010937 0.044444
1 0.962760 0.280556 0.014063 0.048148
2 0.740104 0.298148 0.018750 0.050000
2 0.724479 0.270370 0.010417 0.050000
2 0.648958 0.305093 0.013542 0.050926
2 0.140365 0.375000 0.015104 0.062963
2 0.507812 0.249537 0.022917 0.043519
2 0.752344 0.305093 0.013021 0.052778
2 0.611979 0.378704 0.014583 0.059259
2 0.726562 0.441667 0.021875 0.070370
2 0.269010 0.263889 0.016146 0.046296
2 0.156771 0.368981 0.013542 0.060185
2 0.417708 0.322222 0.016667 0.059259
2 0.687760 0.407407 0.030729 0.055556
2 0.192448 0.313426 0.014063 0.056481
3 0.446875 0.296759 0.014583 0.054630
2 0.668229 0.431019 0.025000 0.071296
2 0.477344 0.494907 0.018229 0.075000
2 0.148698 0.414815 0.020313 0.072222
2 0.540885 0.381481 0.017188 0.061111
2 0.333333 0.314352 0.020833 0.052778
0 0.658818 0.278727 0.005135 0.009306
