2 0.175000 0.392130 0.009375 0.045370
2 0.308333 0.310648 0.007292 0.032407
2 0.209896 0.418519 0.009375 0.046296
1 0.833854 0.360185 0.015625 0.042593
2 0.419271 0.412500 0.010417 0.049074
2 0.395573 0.353241 0.006771 0.039815
3 0.360417 0.408333 0.010417 0.048148
2 0.276042 0.489352 0.009375 0.054630
2 0.234115 0.475463 0.016146 0.054630
2 0.589583 0.310185 0.007292 0.037037
2 0.088281 0.460185 0.013021 0.051852
2 0.105729 0.476852 0.012500 0.057407
2 0.249479 0.414352 0.009375 0.045370
2 0.466406 0.427778 0.013021 0.046296
2 0.130990 0.584259 0.014063 0.064815
2 0.166927 0.654630 0.015104 0.075926
2 0.083333 0.549537 0.014583 0.063889
2 0.432292 0.499537 0.014583 0.056481
2 0.385417 0.699074 0.016667 0.079630
3 0.095273 0.310866 0.011380 0.038398
2 0.106365 0.402926 0.014813 0.052148
2 0.191260 0.335236 0.013771 0.042694
2 0.988565 0.433977 0.013589 0.054991
0 0.955870 0.447319 0.005490 0.009454
