2 0.266406 0.234722 0.009896 0.049074
2 0.355729 0.208796 0.012500 0.047222
2 0.268490 0.332870 0.014063 0.054630
2 0.123438 0.371759 0.014583 0.054630
2 0.342708 0.310648 0.010417 0.058333
2 0.125521 0.420833 0.015625 0.073148
2 0.637500 0.250000 0.009375 0.051852
2 0.404427 0.287500 0.009896 0.052778
1 0.872656 0.321759 0.013021 0.058333
2 0.481510 0.349074 0.013021 0.064815
2 0.509635 0.277778 0.010937 0.053704
2 0.448437 0.358333 0.012500 0.059259
2 0.664323 0.356019 0.018229 0.060185
2 0.167448 0.317130 0.017188 0.056481
3 0.276042 0.379167 0.014583 0.071296
2 0.138281 0.462500 0.016146 0.078704
2 0.463542 0.461111 0.019792 0.074074
2 0.314323 0.389352 0.018229 0.065741
2 0.826302 0.468056 0.017188 0.075000
2 0.178906 0.490741 0.019271 0.072222
2 0.158333 0.597685 0.029167 0.091667
2 0.489583 0.751389 0.027083 0.102778
3 0.195169 0.203694 0.012214 0.049981
0 0.661326 0.367593 0.005984 0.011111
