2 0.429948 0.213889 0.014063 0.038889
2 0.317708 0.278704 0.012500 0.050000
2 0.305208 0.325000 0.010417 0.057407
2 0.151562 0.374074 0.019792 0.064815
2 0.721354 0.278241 0.016667 0.052778
2 0.222818 0.423389 0.026885 0.063444
2 0.515365 0.283333 0.009896 0.051852
2 0.190885 0.299537 0.017188 0.056481
2 0.491667 0.350926 0.013542 0.062963
2 0.481250 0.354167 0.013542 0.062037
2 0.270833 0.322685 0.017708 0.052778
2 0.150781 0.412963 0.016146 0.074074
2 0.258073 0.396759 0.014063 0.067593
2 0.246094 0.453241 0.022396 0.069444
2 0.448177 0.461111 0.015104 0.072222
2 0.893490 0.477778 0.019271 0.074074
3 0.322917 0.377315 0.013542 0.067593
1 0.896354 0.328241 0.014583 0.058333
2 0.520052 0.728704 0.016146 0.101852
2 0.136719 0.435648 0.018229 0.073148
2 0.222917 0.607407 0.023958 0.090741
3 0.193953 0.216954 0.010823 0.043167
0 0.705026 0.299921 0.005885 0.010954
2 0.325680 0.241324 0.011776 0.045611
