3 0.205208 0.202778 0.010417 0.038889
2 0.356510 0.224074 0.009896 0.042593
2 0.430208 0.279630 0.010417 0.050000
2 0.209896 0.295370 0.012500 0.057407
2 0.166667 0.343056 0.015625 0.060185
2 0.523698 0.264815 0.010937 0.050000
2 0.433854 0.328704 0.013542 0.057407
2 0.469531 0.328704 0.010937 0.059259
2 0.276302 0.366204 0.013021 0.062037
2 0.267969 0.313889 0.013021 0.051852
2 0.173437 0.379167 0.014583 0.067593
2 0.123958 0.434259 0.013542 0.074074
2 0.473177 0.384259 0.020313 0.062963
1 0.884896 0.314815 0.013542 0.057407
2 0.654427 0.261574 0.010937 0.052778
3 0.319010 0.348148 0.011979 0.062963
2 0.456771 0.441204 0.015625 0.071296
2 0.180208 0.464815 0.019792 0.072222
2 0.130208 0.553241 0.015625 0.080556
2 0.866667 0.459259 0.016667 0.077778
2 0.482031 0.734259 0.022396 0.107407
2 0.375247 0.293236 0.011953 0.054991
2 0.464961 0.204815 0.013255 0.042963
0 0.868544 0.334995 0.006880 0.012583
