3 0.214323 0.201389 0.008854 0.041667
2 0.612760 0.232870 0.010937 0.047222
2 0.306510 0.222222 0.015104 0.037037
2 0.384896 0.262500 0.008333 0.049074
2 0.361979 0.292593 0.010417 0.050000
2 0.175000 0.290278 0.011458 0.056481
2 0.492188 0.268981 0.009375 0.050926
2 0.526823 0.297222 0.013021 0.055556
2 0.162500 0.346759 0.012500 0.062037
2 0.267969 0.317593 0.010937 0.057407
2 0.595573 0.288426 0.011979 0.050926
2 0.143490 0.381019 0.014063 0.067593
2 0.341927 0.362037 0.014063 0.059259
3 0.265104 0.375463 0.013542 0.069444
2 0.812500 0.483333 0.012500 0.077778
2 0.114062 0.424074 0.014583 0.075926
2 0.559635 0.364352 0.014063 0.063889
1 0.902865 0.319444 0.014063 0.057407
2 0.196094 0.437037 0.011979 0.068519
2 0.476823 0.432870 0.016146 0.069444
2 0.392448 0.706481 0.018229 0.100000
2 0.134115 0.542593 0.020313 0.083333
0 0.592854 0.307537 0.005500 0.011370
2 0.380849 0.203894 0.009615 0.042972
