2 0.516927 0.299074 0.011979 0.031481
3 0.285938 0.288477 0.009375 0.036213
2 0.419271 0.310648 0.009375 0.028704
2 0.391667 0.315741 0.015625 0.033333
3 0.479687 0.357870 0.008333 0.041667
2 0.573958 0.323611 0.009375 0.037963
2 0.400781 0.334722 0.011979 0.039815
2 0.436458 0.372222 0.012500 0.046296
2 0.593229 0.323148 0.008333 0.040741
2 0.306250 0.351389 0.010417 0.045370
2 0.519531 0.366204 0.009896 0.043519
1 0.981250 0.368519 0.010417 0.050000
2 0.189844 0.361574 0.009896 0.047222
2 0.205208 0.430556 0.015625 0.055556
2 0.646615 0.448148 0.011979 0.059259
2 0.432031 0.405093 0.011979 0.050926
2 0.413802 0.416667 0.014063 0.055556
2 0.685417 0.425000 0.011458 0.059259
2 0.671354 0.507870 0.017708 0.062037
2 0.273177 0.593519 0.019271 0.079630
2 0.830208 0.693519 0.020833 0.096296
2 0.399693 0.315296 0.010844 0.034296
0 0.411154 0.304861 0.004599 0.007870
2 0.490763 0.296352 0.010693 0.035296
3 0.873156 0.769102 0.030687 0.108574
