2 0.453646 0.326852 0.011458 0.038889
2 0.427344 0.325926 0.011979 0.038889
3 0.475781 0.356481 0.011979 0.042593
2 0.319271 0.350463 0.010417 0.045370
2 0.186198 0.423611 0.009896 0.054630
2 0.572135 0.356481 0.008854 0.044444
2 0.602604 0.354630 0.010417 0.046296
2 0.219010 0.364352 0.008854 0.047222
1 0.967187 0.362500 0.011458 0.050926
2 0.376823 0.379167 0.010937 0.049074
2 0.515104 0.398148 0.010417 0.048148
2 0.343490 0.419444 0.010937 0.053704
2 0.672396 0.422222 0.012500 0.059259
2 0.369792 0.436111 0.011458 0.059259
2 0.245833 0.610648 0.014583 0.082407
2 0.641667 0.467593 0.015625 0.064815
2 0.716667 0.534722 0.015625 0.065741
2 0.803646 0.700000 0.022917 0.098148
3 0.897831 0.746296 0.035245 0.100000
3 0.258417 0.288060 0.008500 0.035380
2 0.327424 0.315306 0.011099 0.034315
2 0.351609 0.314884 0.015719 0.037176
0 0.400698 0.336380 0.004521 0.009796
2 0.522570 0.287023 0.012849 0.037009
2 0.566820 0.304259 0.012807 0.036296
