2 0.677865 0.389815 0.013021 0.040741
2 0.602083 0.367130 0.014583 0.032407
2 0.770021 0.448894 0.017125 0.045935
2 0.738542 0.432870 0.011458 0.054630
2 0.803646 0.450926 0.013542 0.042593
2 0.715365 0.436111 0.009896 0.048148
2 0.637760 0.405093 0.014063 0.043519
2 0.543229 0.414352 0.008333 0.039815
2 0.724740 0.454167 0.010937 0.047222
2 0.530729 0.457870 0.012500 0.050926
2 0.274479 0.566204 0.012500 0.067593
2 0.345573 0.426852 0.008854 0.048148
2 0.265625 0.565278 0.010417 0.067593
2 0.596615 0.473611 0.014063 0.054630
2 0.768750 0.501852 0.009375 0.055556
2 0.303906 0.428704 0.015104 0.050000
2 0.459896 0.474537 0.017708 0.056481
2 0.419531 0.559259 0.013021 0.070370
0 0.760203 0.365106 0.005823 0.011694
1 0.812969 0.368574 0.016563 0.042704
2 0.770440 0.435125 0.017964 0.038769
2 0.722669 0.410380 0.012005 0.042981
2 0.543982 0.391847 0.012964 0.037398
3 0.221630 0.317764 0.007844 0.033676
