2 0.651823 0.297685 0.006771 0.026852
2 0.497135 0.295833 0.008854 0.037963
2 0.432552 0.386574 0.009896 0.049074
2 0.376823 0.297685 0.007812 0.032407
3 0.551042 0.356944 0.006250 0.043519
2 0.456510 0.358796 0.007812 0.045370
2 0.609896 0.321759 0.009375 0.043519
2 0.290365 0.332870 0.008854 0.045370
2 0.442448 0.329167 0.006771 0.043519
2 0.577604 0.386574 0.009375 0.045370
2 0.688021 0.370370 0.007292 0.048148
2 0.725781 0.360185 0.007812 0.050000
2 0.748958 0.408796 0.010417 0.056481
2 0.425521 0.401389 0.014583 0.050926
2 0.224740 0.391204 0.009896 0.052778
2 0.732812 0.503704 0.014583 0.070370
2 0.223438 0.505556 0.012500 0.062963
2 0.704167 0.685185 0.030208 0.092593
3 0.316958 0.279731 0.009958 0.033537
0 0.328852 0.336852 0.004578 0.010741
2 0.579164 0.280083 0.009370 0.039796
