1 0.113021 0.373611 0.011458 0.049074
2 0.352865 0.306019 0.006771 0.030556
2 0.316406 0.350000 0.008854 0.037037
3 0.927378 0.800120 0.041214 0.107648
2 0.805208 0.369444 0.010417 0.040741
2 0.335156 0.351852 0.009896 0.040741
2 0.785156 0.342130 0.009896 0.037963
3 0.497156 0.366676 0.008896 0.040759
2 0.217708 0.385648 0.010417 0.047222
2 0.503385 0.297685 0.008854 0.032407
2 0.489323 0.367593 0.008854 0.042593
2 0.536458 0.315741 0.008333 0.033333
2 0.652604 0.370370 0.009375 0.042593
2 0.547135 0.438426 0.015104 0.052778
2 0.564844 0.442593 0.011979 0.048148
2 0.168490 0.486111 0.013021 0.050000
2 0.261719 0.415741 0.014063 0.044444
2 0.453125 0.395370 0.010417 0.044444
2 0.867708 0.398148 0.012500 0.048148
2 0.772656 0.456944 0.014063 0.060185
2 0.630208 0.582870 0.015625 0.069444
2 0.486198 0.641204 0.025521 0.084259
3 0.393513 0.272588 0.007859 0.032213
2 0.319789 0.333421 0.008328 0.042769
0 0.182747 0.507875 0.006120 0.012046
