2 0.247396 0.325926 0.007292 0.040741
1 0.237839 0.332282 0.011094 0.040491
2 0.408333 0.285185 0.008333 0.035185
2 0.276224 0.321157 0.008698 0.044167
2 0.288281 0.307407 0.007812 0.038889
2 0.376823 0.297222 0.008854 0.040741
2 0.427604 0.342593 0.008333 0.042593
3 0.488542 0.321296 0.008333 0.038889
2 0.269766 0.356523 0.012448 0.048231
2 0.438281 0.378704 0.011979 0.050000
2 0.810937 0.311111 0.012500 0.037037
2 0.882292 0.324074 0.010417 0.042593
2 0.919271 0.350926 0.010417 0.048148
2 0.665104 0.332870 0.009375 0.045370
2 0.494792 0.441204 0.010417 0.049074
2 0.329688 0.471296 0.012500 0.057407
2 0.567708 0.371296 0.012500 0.046296
3 0.925781 0.815741 0.025521 0.114815
2 0.723958 0.407870 0.018750 0.056481
3 0.403932 0.242639 0.008906 0.031574
2 0.425211 0.287843 0.010839 0.034944
2 0.428362 0.322588 0.010891 0.039620
