2 0.512240 0.374537 0.008854 0.032407
3 0.488021 0.421296 0.008333 0.037037
2 0.455990 0.389815 0.008854 0.038889
2 0.734375 0.460185 0.011458 0.048148
2 0.728646 0.432407 0.010417 0.046296
2 0.660937 0.418981 0.009375 0.043519
2 0.751563 0.453704 0.011458 0.046296
2 0.276302 0.438889 0.009896 0.046296
2 0.645312 0.407407 0.009375 0.042593
2 0.564063 0.410185 0.010417 0.040741
2 0.229948 0.437037 0.007812 0.046296
2 0.371094 0.483796 0.010937 0.052778
2 0.576042 0.484259 0.012500 0.048148
2 0.415104 0.474074 0.009375 0.050000
2 0.559896 0.483796 0.012500 0.049074
2 0.537500 0.475000 0.017708 0.042593
3 0.944437 0.560463 0.022208 0.057963
2 0.659375 0.525463 0.011458 0.054630
2 0.190625 0.575926 0.021875 0.062963
2 0.267188 0.606944 0.015625 0.071296
2 0.391667 0.579630 0.018750 0.064815
1 0.777451 0.374755 0.011151 0.042102
2 0.748568 0.436134 0.010677 0.042639
0 0.596365 0.487333 0.007312 0.013556
3 0.183828 0.330500 0.010365 0.033222
