2 0.529948 0.311111 0.008854 0.033333
2 0.591406 0.300000 0.007812 0.029630
2 0.450852 0.306556 0.013161 0.033481
2 0.512240 0.316204 0.009896 0.032407
3 0.529958 0.355634 0.013042 0.040898
2 0.493229 0.362037 0.013542 0.040741
2 0.683773 0.437509 0.018589 0.054648
2 0.476253 0.329690 0.013964 0.033454
2 0.723958 0.327315 0.013542 0.036111
2 0.341667 0.354630 0.014583 0.038889
2 0.287760 0.377315 0.015104 0.045370
2 0.589063 0.355093 0.010417 0.037963
2 0.294792 0.342593 0.014583 0.044444
1 0.077083 0.360648 0.018750 0.045370
2 0.300260 0.471296 0.021354 0.050000
2 0.382031 0.405093 0.018229 0.049074
2 0.463021 0.379630 0.014583 0.044444
2 0.782552 0.428241 0.017188 0.058333
3 0.983073 0.825000 0.033854 0.101852
2 0.738021 0.516204 0.023958 0.050926
2 0.774219 0.661111 0.030729 0.088889
0 0.436409 0.318083 0.005109 0.012093
3 0.381422 0.279236 0.010760 0.036250
2 0.489896 0.304685 0.016250 0.035296
2 0.697583 0.317727 0.010792 0.041009
