2 0.371615 0.397685 0.006771 0.032407
2 0.576302 0.405093 0.013021 0.034259
2 0.274740 0.446759 0.007812 0.045370
3 0.407292 0.449537 0.012500 0.041667
2 0.423698 0.400000 0.008854 0.031481
1 0.747396 0.389352 0.008333 0.030556
2 0.601562 0.452778 0.013542 0.040741
2 0.659221 0.520421 0.019484 0.050102
2 0.221094 0.452778 0.007812 0.046296
3 0.797062 0.599046 0.023292 0.062907
2 0.545312 0.454630 0.012500 0.042593
2 0.480469 0.514815 0.009896 0.051852
2 0.646875 0.488426 0.013542 0.050926
2 0.334375 0.500926 0.013542 0.053704
2 0.504427 0.517593 0.008854 0.046296
2 0.601823 0.559259 0.011979 0.055556
2 0.354687 0.511574 0.014583 0.050926
2 0.517969 0.496296 0.010937 0.051852
2 0.301563 0.631481 0.014583 0.068519
2 0.151562 0.587963 0.011458 0.061111
2 0.366406 0.631944 0.016146 0.069444
2 0.581922 0.440792 0.012802 0.037139
2 0.595367 0.411236 0.011568 0.035435
3 0.219948 0.337236 0.007604 0.030028
